No 	 index 	 actual outputs 			 predictions 
 1 1         2.00000        8.33774 
 2 3        19.00000       20.83044 
 3 5        32.00000       33.82515 
 4 7         9.00000       16.18374 
 5 9        24.00000       24.78847 
 6 11         7.00000        3.08970 
 7 13         6.00000        7.77379 
 8 15        12.00000       19.06355 
 9 17         7.00000        4.86005 
 10 19        30.00000       23.28291 
 11 21        15.00000       20.18275 
 12 23        50.00000       52.64320 
 13 25         2.00000        0.35057 
 14 27         9.00000       10.15094 
 15 29        30.00000       29.42593 
 16 31        14.00000       14.00862 
 17 33        23.00000       21.95423 
 18 35         9.00000        9.63501 
 19 37        11.00000        5.59664 
 20 39        12.00000       12.64875 
 21 41        22.00000       25.55283 
 22 43         1.00000        4.48167 
 23 45        37.00000       40.00529 
 24 47        79.00000       80.30218 
 25 49         7.00000        8.23673 
 26 51        28.00000       29.03980 
 27 53        30.00000       23.90244 
 28 55        24.00000       13.03961 
 29 57        27.00000       11.18936 
 30 59        29.00000       27.50361 
 31 61        69.00000       68.49618 
 32 63        11.00000       13.43416 
 33 65        49.00000       50.85933 
 34 67        15.00000       12.26340 
 35 69        13.00000        5.56255 
 36 71        34.00000       34.68290 
 37 73        63.00000       62.54977 
 38 75         1.00000        0.43863 
 39 77        13.00000       12.52201 
 40 79        40.00000       36.24587 
 41 81        10.00000       13.77642 
 42 83         4.00000        5.79946 
 43 85         1.00000        5.26492 
 44 87         5.00000        4.92549 
 45 89         3.00000        4.09344 
 46 91         7.00000        8.71620 
 47 93        26.00000       24.85038 
 48 95         3.00000        7.71578 
 49 97        24.00000       28.52253 
 50 99         6.00000        7.21031 
 51 101         4.00000        1.54539 
 52 103        16.00000       15.28269 
 53 105        12.00000       16.11798 
 54 107        17.00000       23.37698 
 55 109        98.00000      102.20202 
 56 111         6.00000        6.31523 
 57 113        39.00000       41.65219 
 58 115        12.00000        7.86891 
 59 117        21.00000       20.77365 
 60 119        14.00000       15.38239 
 61 121         4.00000        6.73988 
 62 123        11.00000       12.27310 
 63 125        22.00000       16.19910 
 64 127         4.00000        2.84058 
 65 129        37.00000       35.08677 
 66 131        93.00000       94.97434 
 67 133         1.00000        6.02185 
 68 135        13.00000        2.07919 
 69 137        18.00000       20.12533 
 70 139        19.00000       18.62683 
 71 141        23.00000       20.25528 
 72 143        11.00000       17.14187 
 73 145        42.00000       41.98464 
 74 147        17.00000        5.11670 
 75 149         3.00000        1.68511 
 76 151        78.00000       78.50001 
 77 153        12.00000       13.17969 
 78 155         8.00000       14.12145 
 79 157        14.00000       15.38869 
 80 159        73.00000       73.57825 
 81 161        14.00000       14.80028 
 82 163        49.00000       51.31012 
 83 165        14.00000       16.01358 
 84 167        19.00000       11.04004 
 85 169         4.00000        4.92246 
 86 171         7.00000        5.56801 
 87 173         6.00000        8.49293 
 88 175        72.00000       70.93385 
 89 177        15.00000       18.98738 
 90 179        15.00000       10.51826 
 91 181        14.00000       12.08612 
 92 183        65.00000       65.28210 
 93 185        12.00000        9.22800 
 94 187         5.00000       10.42878 
 95 189        36.00000       35.52359 
 96 191         5.00000        4.68470 
 97 193        39.00000       40.35664 
 98 195        50.00000       49.31167 
 99 197        15.00000       21.02867 
 100 199        72.00000       70.14128 
 101 201        17.00000       16.24741 
 102 203         6.00000        0.32670 
 103 205        10.00000       14.50605 
 104 207        48.00000       35.00966 
 105 209         1.00000        2.30201 
 106 211        29.00000       29.67206 
 107 213        43.00000       37.82487 
 108 215       190.00000      188.98579 
 109 217        17.00000       14.60030 
 110 219       115.00000      111.72587 
 111 221        45.00000       43.69310 
 112 223        20.00000       14.15708 
 113 225        48.00000       45.79794 
 114 227        12.00000       11.20518 
 115 229        14.00000       11.78399 
 116 231        37.00000       35.67900 
 117 233        35.00000       34.40539 
 118 235        72.00000       67.43280 
 119 237        21.00000       19.84212 
 120 239        83.00000       77.92920 
 121 241       226.00000      218.57249 
 122 243         2.00000        8.33142 
 123 245        51.00000       45.12693 
 124 247        51.00000       62.03659 
 125 249        55.00000       52.73621 
 126 251        44.00000       23.35806 
 127 253        56.00000       57.88994 
 128 255        77.00000       74.54969 
 129 257        30.00000       22.57939 
 130 259        12.00000        2.03906 
 131 261       151.00000      136.95615 
 132 263        54.00000       45.22757 
 133 265        45.00000       40.07129 
 134 267        76.00000       57.60455 
 135 269       185.00000      171.36744 
 136 271        61.00000       50.28081 
 137 273       143.00000      135.39781 
 138 275        65.00000       54.98559 
 139 277        43.00000       41.67399 
 140 279        18.00000       17.16394 
 141 281        38.00000       32.77232 
 142 283         2.00000        1.50816 
 143 285        26.00000       21.46270 
 144 287       147.00000      130.70971 
 145 289        42.00000       38.64236 
 146 291        44.00000       38.87659 
 147 293        41.00000       49.80670 
 148 295       209.00000      202.69439 
 149 297        35.00000       32.11919 
 150 299         5.00000       12.12605 
 151 301        83.00000       83.38121 
 152 303         2.00000        0.29664 
 153 305        21.00000       20.60537 
 154 307       173.00000      171.62268 
 155 309        13.00000       10.65070 
 156 311        10.00000       16.66305 
 157 313       142.00000      139.92305 
 158 315         2.00000        0.12093 
 159 317         8.00000        8.36865 
 160 319        37.00000       36.20105 
 161 321       142.00000      138.84898 
 162 323        12.00000        2.03464 
 163 325        30.00000       27.28192 
 164 327       100.00000       90.02411 
 165 329        20.00000       17.64083 
 166 331        74.00000       64.60563 
 167 333        36.00000       32.35006 
 168 335         6.00000        9.71581 
 169 337        32.00000       26.77370 
 170 339        87.00000       79.27503 
 171 341        10.00000       10.34935 
 172 343         5.00000        0.71280 
 173 345       147.00000      133.45437 
 174 347       235.00000      228.88854 
 175 349        10.00000       13.52866 
 176 351        37.00000       34.93796 
 177 353       165.00000      156.18064 
 178 355        23.00000       21.82953 
 179 357        24.00000       10.21056 
 180 359        84.00000       76.37354 
 181 361       206.00000      196.80839 
 182 363        43.00000       32.34455 
 183 365        40.00000       17.73784 
 184 367       201.00000      187.28079 
 185 369        13.00000       10.55815 
 186 371        84.00000       69.50940 
 187 373        98.00000       87.25455 
 188 375       181.00000      171.61622 
 189 377        22.00000       26.68907 
 190 379        42.00000       38.32842 
 191 381       170.00000      160.19578 
 192 383        42.00000       36.24593 
 193 385        61.00000       52.07458 
 194 387       207.00000      197.97824 
 195 389        50.00000       38.90538 
 196 391        24.00000       23.86359 
 197 393       133.00000      118.63260 
 198 395        36.00000       32.39300 
 199 397        24.00000       20.72796 
 200 399        64.00000       55.58595 
 201 401       204.00000      193.22588 
 202 403        47.00000       40.34273 
 203 405        21.00000       22.27792 
 204 407       192.00000      184.05864 
 205 409       202.00000      196.07997 
 206 411        46.00000       46.43816 
 207 413        21.00000       23.75134 
 208 415         8.00000        8.81557 
 209 82         1.00000        0.98778 
 210 150        36.00000       36.73056 
 211 186        15.00000        9.03112 
 212 282        36.00000       36.36217 
 213 298        41.00000       41.01725 
 214 4        91.00000       90.22265 
 215 8         4.00000       11.75386 
 216 12         2.00000        0.12615 
 217 32         3.00000        9.82938 
 218 100         1.00000        1.27074 
 219 336        15.00000       10.88046 
 220 396         1.00000        0.80074 
 221 2        15.00000       10.13790 
 222 6         5.00000        9.19778 
 223 10        67.00000       27.84115 
 224 14         8.00000       13.88903 
 225 18         5.00000        9.72049 
 226 22        56.00000       32.00902 
 227 26        22.00000        9.66758 
 228 30        10.00000      139.61311 
 229 34        32.00000       18.10154 
 230 38        59.00000       16.79310 
 231 42         5.00000        9.43572 
 232 46        59.00000       87.15128 
 233 50         7.00000       19.78029 
 234 54        76.00000       50.97494 
 235 58        22.00000       14.36830 
 236 62         9.00000        6.07795 
 237 66        94.00000       48.40431 
 238 70        16.00000       13.17314 
 239 74        17.00000       10.96630 
 240 78        10.00000       25.64187 
 241 86         4.00000        7.75879 
 242 90        12.00000        7.28898 
 243 94         6.00000       14.39572 
 244 98        41.00000       31.94192 
 245 102        15.00000       11.06236 
 246 106        13.00000       15.62320 
 247 110        14.00000       10.91863 
 248 114         6.00000       19.33105 
 249 118        36.00000       27.59318 
 250 122        46.00000       18.58627 
 251 126         6.00000        7.59006 
 252 130        62.00000       23.54403 
 253 134         3.00000       18.37040 
 254 138        94.00000      111.90806 
 255 142        22.00000       13.58923 
 256 146         3.00000        9.44790 
 257 154         4.00000        8.04527 
 258 158        41.00000       25.06389 
 259 162        21.00000       11.62953 
 260 166        13.00000        7.24628 
 261 170        31.00000       63.52355 
 262 174        16.00000       19.89520 
 263 178        12.00000        7.77010 
 264 182        67.00000       37.29179 
 265 190         2.00000       23.33380 
 266 194       173.00000      126.37191 
 267 198         9.00000       33.49485 
 268 202         2.00000        0.16691 
 269 206        37.00000       16.44338 
 270 210        12.00000        9.99850 
 271 214        97.00000       50.88242 
 272 218        75.00000       39.13141 
 273 222         5.00000       10.67105 
 274 226        87.00000      170.28072 
 275 230         5.00000        9.37082 
 276 234       239.00000      144.49539 
 277 238        37.00000       27.84486 
 278 242        27.00000       59.33299 
 279 246        85.00000       61.11816 
 280 250        42.00000       19.41367 
 281 254       214.00000       99.22345 
 282 258        87.00000       45.97916 
 283 262       180.00000      185.02061 
 284 266        46.00000       45.32039 
 285 270        42.00000       37.70968 
 286 274       212.00000      181.73489 
 287 278        21.00000       29.11485 
 288 286        62.00000       46.76672 
 289 290        42.00000       20.31496 
 290 294       191.00000      137.78715 
 291 302         7.00000       15.98402 
 292 306        39.00000       78.66806 
 293 310        15.00000       19.81632 
 294 314        17.00000        5.35485 
 295 318        10.00000        4.94719 
 296 322         1.00000        1.16115 
 297 326        39.00000       32.09647 
 298 330        17.00000       12.15200 
 299 334        46.00000        6.20949 
 300 338        43.00000       16.48989 
 301 342        14.00000        1.58805 
 302 346        34.00000       44.99158 
 303 350        23.00000       47.01660 
 304 354       222.00000      242.19202 
 305 358        52.00000       20.87760 
 306 362        50.00000       39.14353 
 307 366        56.00000       59.62996 
 308 370        26.00000       34.37721 
 309 374       162.00000      227.03034 
 310 378        44.00000       16.16021 
 311 382       183.00000      172.02103 
 312 386       100.00000      131.04076 
 313 390        44.00000       79.17488 
 314 394        35.00000        6.28678 
 315 398        17.00000        6.79955 
 316 402        45.00000       40.96518 
 317 406        51.00000       57.80548 
 318 410        36.00000       51.59127 
 319 414        86.00000      192.03773 
