1	0.739137814	0.301595384	0	0	1	0	0	1	0	0	0	0.595	39	39	18	20	3.019958168	3.144095593	2.429442451	2.386582123	182.5479992	182.9552743	180.6106117	180.4699938	0	0	1	0	151	1
2	0.720752089	0.304665738	0	0	1	0	0	1	0	0	0	0.595	38	37	17	19	1.256645264	1.310881348	0.503804059	0.44471075	183.2328519	183.4107918	180.7629005	180.5690248	1	0	0	0	49	1
8	0.304665738	0.720752089	0	0	0	1	0	0	1	0	0.3395	0.0105	13	21	12	19	1.126760514	0.537897089	1.0715572	0.416501905	182.8067208	180.8747542	182.6256076	180.4764761	1	0	0	0	2	1
9	0.301595384	0.739137814	0	0	0	1	0	0	1	0	0.3395	0.0105	14	22	13	15	2.768867592	3.061217008	2.74155607	2.380971638	181.7242113	182.6833629	181.6346065	180.4515867	0	0	1	0	2	1
10	0.298946716	0.741257056	0	0	0	1	0	0	1	0	0.3395	0.0105	14	22	13	15	2.802836196	3.090686361	2.772792676	2.408026422	181.8956568	182.8400471	181.7970888	180.6003492	0	0	0	1	2	1
11	0.125471698	0.274528302	0	0	1	0	0	1	0	0	0	0	37	37	27	29	1.607092151	1.70007163	0.976003438	1.23820715	182.162612	182.4676628	180.092111	180.9523594	0	1	0	0	12	1
12	0.126782077	0.301595384	0	0	1	0	0	1	0	0	0	0	42	38	19	22	3.022595488	3.045682354	2.224168271	2.531944079	182.5566519	182.6323962	179.93714	180.9469031	0	0	1	0	42	1
14	0.720752089	0.720752089	0	0	1	0	0	1	0	0	0.0105	0	37	38	14	17	1.078402807	1.256645264	0.503996844	0.503804059	182.648067	183.2328519	180.763533	180.7629005	1	0	0	0	94	1
15	0.739137814	0.739137814	0	0	1	0	0	1	0	0	0.0105	0	36	39	17	18	2.883422902	3.019958168	2.429377844	2.429442451	182.1000489	182.5479992	180.6103997	180.6106117	0	0	1	0	180	1
18	0.137534819	0.087047354	0	0	1	0	0	0	1	0	0.3815	0.6055	32	25	26	22	1.922952996	1.986877429	1.786593026	1.618968984	185.4189009	185.6286267	184.9715257	184.421578	1	0	0	0	11	1
19	0.126782077	0.082484725	0	0	1	0	0	0	1	0	0.3815	0.6055	34	32	17	24	3.439300503	3.390489376	3.03295606	3.088364767	183.9237943	183.7636528	182.5906432	182.7724303	0	0	1	0	37	1
21	0.12632521	0.298946716	0	0	0	1	0	0	1	0	1.379	0.3395	17	14	12	13	3.413568185	2.802836196	3.153223944	2.772792676	183.8993707	181.8956568	183.0452229	181.7970888	0	0	0	1	6	1
23	0.072169811	0.125471698	0	0	1	0	0	1	0	0	0	0	30	37	25	27	1.55780568	1.607092151	1.470961789	0.976003438	182.000911	182.162612	181.7159901	180.092111	0	1	0	0	15	1
24	0.082484725	0.126782077	0	0	1	0	0	1	0	0	0	0	42	42	22	19	2.889881177	3.022595488	2.623213195	2.224168271	182.1212375	182.5566519	181.2463425	179.93714	0	0	1	0	44	1
26	0.301595384	0.739137814	0	0	1	0	0	1	0	0	0	0.0105	36	36	25	17	3.023633176	2.883422902	2.410840558	2.429377844	182.5600564	182.1000489	180.5495819	180.6103997	0	0	1	0	54	1
34	0.072169811	0.125471698	0	0	1	0	0	0	1	0	0.0175	1.379	20	13	20	12	2.19962967	2.45898669	2.19962967	2.347599829	184.1066328	184.9575416	184.1066328	184.5920992	0	1	0	0	1	1
35	0.082484725	0.126782077	0	0	1	0	0	0	1	0	0.0175	1.379	32	17	23	12	3.220077964	3.386349083	2.984138532	3.122378524	183.2045602	183.7500692	182.4304807	182.884024	0	0	1	0	8	1
37	0.125471698	0.072169811	0	0	1	0	0	1	0	0	0	0	36	30	21	25	1.361215786	1.55780568	1.236890604	1.470961789	181.3559311	182.000911	180.94804	181.7159901	0	1	0	0	6	1
38	0.126782077	0.082484725	0	0	1	0	0	1	0	0	0	0	39	42	21	22	3.228523031	2.889881177	2.532484349	2.623213195	183.2322672	182.1212375	180.9486757	181.2463425	0	0	1	0	21	1
39	0.12632521	0.083471017	0	0	1	0	0	1	0	0	0	0	39	41	22	22	3.223588675	2.889455654	2.515321047	2.622323077	183.2760783	182.1798414	180.9523656	181.3034222	0	0	0	1	21	1
40	0.125471698	0.274528302	0	0	1	0	0	1	0	0	0	0	34	36	26	31	1.547819208	1.476135973	1.313332876	1.165078732	181.968147	181.7329658	181.1988349	180.7124368	0	1	0	0	4	1
41	0.12632521	0.298946716	0	0	1	0	0	1	0	0	0	0	39	36	25	25	2.913783881	3.072971396	2.634036493	2.453176073	182.2596584	182.7819272	181.341852	180.7484779	0	0	0	1	22	1
42	0.126782077	0.301595384	0	0	1	0	0	1	0	0	0	0	39	36	25	25	2.838289257	3.023633176	2.577712338	2.410840558	181.9519726	182.5600564	181.0970615	180.5495819	0	0	1	0	22	1
43	0.137534819	0.304665738	0	0	1	0	0	1	0	0	0	0	33	36	31	25	0.680299446	1.225059441	0.630916783	0.484949303	181.3419536	183.1292239	181.179937	180.701041	1	0	0	0	3	1
44	0.777830189	0.274528302	1	0	0	1	0	1	0	0	0	0	22	29	18	22	2.092867859	2.316595405	1.73301591	2.003469921	183.7563644	184.4903786	182.5757477	183.463064	0	1	0	0	11	1
45	0.739137814	0.301595384	1	0	0	1	0	1	0	0	0	0	25	35	16	16	3.160365954	3.408007068	2.374217123	2.941362565	183.0086547	183.8211256	180.4294263	182.2901396	0	0	1	0	35	1
48	0.125471698	0.072169811	0	0	1	0	0	1	0	0	0	0.0175	17	20	14	20	2.169908846	2.19962967	1.64197782	2.19962967	184.0091235	184.1066328	182.2770663	184.1066328	0	1	0	0	4	1
49	0.126782077	0.082484725	0	0	1	0	0	1	0	0	0	0.0175	29	32	14	23	3.262245374	3.220077964	2.643519639	2.984138532	183.3429048	183.2045602	181.3129647	182.4304807	0	0	1	0	10	1
50	0.12632521	0.083471017	0	0	1	0	0	1	0	0	0	0.0175	28	33	14	24	3.290138493	3.252574806	2.681102589	3.024106082	183.4944176	183.3711772	181.4962683	182.6216079	0	0	0	1	10	1
52	0.274528302	0.125471698	0	0	1	0	0	1	0	0	0	0	29	36	24	21	1.84439508	1.361215786	1.52719818	1.236890604	182.941165	181.3559311	181.9004927	180.94804	0	1	0	0	14	1
53	0.298946716	0.12632521	0	0	1	0	0	1	0	0	0	0	38	39	21	22	3.121199982	3.223588675	2.807775909	2.515321047	182.9401574	183.2760783	181.9118632	180.9523656	0	0	0	1	51	1
55	0.072169811	0.125471698	0	0	1	0	0	1	0	0	0.8015	0	35	34	23	26	1.708115242	1.547819208	0.781438793	1.313332876	182.4940526	181.968147	179.4537756	181.1988349	0	1	0	0	8	1
56	0.083471017	0.12632521	0	0	1	0	0	1	0	0	0.8015	0	36	39	19	25	3.072362568	2.913783881	2.107072095	2.634036493	182.7799297	182.2596584	179.6129662	181.341852	0	0	0	1	44	1
57	0.082484725	0.126782077	0	0	1	0	0	1	0	0	0.8015	0	36	39	19	25	3.013831901	2.838289257	2.078059441	2.577712338	182.5278999	181.9519726	179.4577803	181.0970615	0	0	1	0	45	1
58	0.087047354	0.137534819	0	0	1	0	0	1	0	0	0.8015	0	34	33	27	31	1.053410592	0.680299446	0.194150866	0.630916783	182.5660715	181.3419536	179.7469779	181.179937	1	0	0	0	13	1
59	0.739137814	0.739137814	0	1	1	0	0	0	1	0	0.133	0	36	25	17	16	3.239153012	3.160365954	2.5177547	2.374217123	183.2671424	183.0086547	180.9003501	180.4294263	0	0	1	0	239	1
60	0.720752089	0.720752089	0	1	1	0	0	0	1	0	0.133	0	36	24	16	18	1.60835954	1.431125248	1.01127198	1.119155307	184.3867701	183.8052928	182.4278215	182.7817694	1	0	0	0	80	1
63	0.298946716	0.12632521	0	0	1	0	0	1	0	0	0	0	29	28	15	14	3.270015712	3.290138493	2.903906332	2.681102589	183.428398	183.4944176	182.2272517	181.4962683	0	0	0	1	37	1
64	0.301595384	0.126782077	0	0	1	0	0	1	0	0	0	0	30	29	15	14	3.237448347	3.262245374	2.874461733	2.643519639	183.2615497	183.3429048	182.0706487	181.3129647	0	0	1	0	37	1
65	0.304665738	0.137534819	0	0	1	0	0	1	0	0	0	0	29	31	13	14	1.452810768	1.615243873	0.999690791	1.160903856	183.8764395	184.4093565	182.3898254	182.9187397	1	0	0	0	8	1
67	0.741257056	0.298946716	0	0	1	0	0	1	0	0	0	0	40	38	16	21	2.799577808	3.121199982	2.216130979	2.807775909	181.8849666	182.9401574	179.9707709	181.9118632	0	0	0	1	192	1
70	0.126782077	0.082484725	0	0	1	0	0	1	0	0	0	0.8015	35	36	18	19	3.14663417	3.013831901	2.219276376	2.078059441	182.9636029	182.5278999	179.9210905	179.4577803	0	0	1	0	46	1
74	0.301595384	0.739137814	0	0	1	0	0	1	0	0	0	0.133	37	36	25	17	3.549441262	3.239153012	2.825840248	2.5177547	184.2851485	183.2671424	181.9111294	180.9003501	0	0	1	0	72	1
78	0.739137814	0.301595384	0	0	1	0	0	1	0	0	0	0	29	30	17	15	3.334996867	3.237448347	2.585228269	2.874461733	183.5815908	183.2615497	181.12172	182.0706487	0	0	1	0	48	1
79	0.720752089	0.304665738	0	0	1	0	0	1	0	0	0	0	32	29	16	13	1.585001307	1.452810768	1.082234805	0.999690791	184.3101355	183.8764395	182.6606391	182.3898254	1	0	0	0	12	1
82	0.739137814	0.739137814	0	0	1	0	0	1	0	0	0	0	44	41	18	16	2.914915692	2.803237304	2.091906058	2.226836599	182.2033717	181.8369728	179.5032089	179.9458944	0	0	1	0	209	1
83	0.741257056	0.741257056	0	0	1	0	0	1	0	0	0	0	42	40	18	16	2.889316439	2.799577808	2.085929155	2.216130979	182.1793846	181.8849666	179.5435996	179.9707709	0	0	0	1	203	1
84	0.777830189	0.777830189	0	0	1	0	0	1	0	0	0	0	38	35	14	18	1.454842609	1.477326245	0.81726615	0.932767974	181.6631057	181.7368709	179.5713194	179.9502624	0	1	0	0	65	1
85	0.298946716	0.12632521	0	0	1	0	0	1	0	0	0	0	38	35	20	18	3.374645101	3.184609007	2.597839373	2.266193772	183.7716703	183.1481923	181.2230951	180.1350189	0	0	0	1	71	1
86	0.304665738	0.137534819	0	0	1	0	0	1	0	0	0	0	38	32	13	17	1.49708946	1.204981035	0.594910344	0.252297581	184.0217108	183.0633499	181.0618056	179.937748	1	0	0	0	34	1
89	0.126782077	0.301595384	0	0	1	0	0	1	0	0	0	0	30	37	21	25	2.717647998	3.549441262	2.507156486	2.825840248	181.556168	184.2851485	180.865579	181.9111294	0	0	1	0	10	1
93	0.720752089	0.720752089	0	0	1	0	0	1	0	0	0	0	31	32	12	16	1.185805826	1.585001307	0.98405613	1.082234805	183.0004391	184.3101355	182.3385306	182.6606391	1	0	0	0	38	1
94	0.741257056	0.741257056	0	0	1	0	0	1	0	0	0	0	29	29	9	17	3.215473562	3.367178575	2.910759299	2.616953378	183.2494539	183.7471738	182.2497352	181.285805	0	0	0	1	142	1
95	0.777830189	0.777830189	0	0	1	0	0	1	0	0	0	0	28	24	17	20	1.880430285	2.140983188	1.638462563	1.572183543	183.0593907	183.9142231	182.2655333	182.0480825	0	1	0	0	46	1
97	0.301595384	0.739137814	1	0	1	0	0	1	0	0	0	0	43	44	17	18	2.791691082	2.914915692	1.839987952	2.091906058	181.7990915	182.2033717	178.6767059	179.5032089	0	0	1	0	196	1
98	0.298946716	0.741257056	1	0	1	0	0	1	0	0	0	0	43	42	18	18	2.787175744	2.889316439	1.833835282	2.085929155	181.8442774	182.1793846	178.71652	179.5435996	0	0	0	1	202	1
100	0.739137814	0.301595384	0	0	1	0	0	1	0	0	0	0	36	36	16	20	3.139774193	3.33496574	2.396361559	2.556058007	182.9410964	183.5814886	180.5020786	181.0260171	0	0	1	0	172	1
101	0.720752089	0.304665738	0	0	1	0	0	1	0	0	0	0	40	38	14	13	0.751951746	1.49708946	0.53941181	0.594910344	181.5770333	184.0217108	180.8797238	181.0618056	1	0	0	0	25	1
108	0.298946716	0.741257056	0	0	1	0	0	1	0	0	0	0	19	29	19	9	2.891707755	3.215473562	2.891707755	2.910759299	182.1872302	183.2494539	182.1872302	182.2497352	0	0	0	1	1	1
111	0.125471698	0.274528302	0	1	1	0	0	1	0	0	0	0	40	38	34	24	1.56015993	1.497344147	0.898630318	0.5428106	182.0086349	181.8025464	179.8382622	178.6708747	0	1	0	0	12	1
112	0.126782077	0.301595384	0	1	1	0	0	1	0	0	0	0	44	43	24	17	3.309178138	2.791691082	2.154879241	1.839987952	183.4968837	181.7990915	179.7098138	178.6767059	0	0	1	0	35	1
114	0.720752089	0.720752089	0	0	1	0	0	1	0	0	0	0	39	40	15	14	0.882343035	0.751951746	0.186689448	0.53941181	182.0048262	181.5770333	179.7224982	180.8797238	1	0	0	0	63	1
115	0.741257056	0.741257056	0	0	1	0	0	1	0	0	0	0	37	37	18	16	2.880196778	3.175155925	2.133076769	2.440660146	182.1494645	183.1171782	179.6982834	180.7074152	0	0	0	1	183	1
118	0.125471698	0.072169811	0	0	1	0	0	0	0	1	0	0.854	31	29	20	21	1.551624615	1.840836896	1.423012016	1.235064073	181.9806319	182.9294911	181.5586746	180.9420475	0	1	0	0	18	1
119	0.137534819	0.087047354	0	0	1	0	0	0	0	1	0	0.854	31	32	22	32	1.062063647	0.586585991	0.760347527	0.586585991	182.5944608	181.0344947	181.6045785	181.0344947	1	0	0	0	16	1
122	0.126782077	0.301595384	0	0	1	0	0	1	0	0	0.434	0	29	19	18	19	2.96176822	2.860448543	2.239699326	2.860448543	182.3570873	182.0246737	179.9880949	182.0246737	0	0	1	0	12	1
123	0.137534819	0.304665738	0	0	1	0	0	1	0	0	0.434	0	26	24	17	17	1.18988609	1.443527202	0.565600919	1.024291439	183.0138258	183.8459816	180.9656461	182.4705362	1	0	0	0	5	1
125	0.072169811	0.125471698	0	0	1	0	0	1	0	0	0	0	39	40	28	34	1.998732169	1.56015993	1.200717342	0.898630318	183.4475202	182.0086349	180.8293614	179.8382622	0	1	0	0	15	1
126	0.083471017	0.12632521	0	0	1	0	0	1	0	0	0	0	39	43	22	24	3.307401026	3.306421883	2.457428106	2.144817013	183.5510532	183.5478408	180.7624282	179.7368012	0	0	0	1	46	1
127	0.082484725	0.126782077	0	0	1	0	0	1	0	0	0	0	39	44	22	24	3.310349588	3.309178138	2.46860144	2.154879241	183.500727	183.4968837	180.7390861	179.7098138	0	0	1	0	41	1
128	0.304665738	0.720752089	0	0	1	0	0	1	0	0	0	0	33	39	15	15	1.264433665	0.882343035	0.462072016	0.186689448	183.2584044	182.0048262	180.6259843	179.7224982	1	0	0	0	17	1
129	0.298946716	0.741257056	0	0	1	0	0	1	0	0	0	0	34	37	24	18	3.108480767	2.880196778	2.397825963	2.133076769	182.8984277	182.1494645	180.5668831	179.6982834	0	0	0	1	42	1
132	0.274528302	0.125471698	0	0	1	0	0	1	0	0	1.5645	0	30	31	18	20	1.660348126	1.551624615	1.19614547	1.423012016	182.3373364	181.9806319	180.8143618	181.5586746	0	1	0	0	37	1
136	0.072169811	0.125471698	0	0	1	0	0	1	0	0	0.1155	0.434	32	25	24	21	1.897325276	1.661877936	1.31721466	1.210690857	183.1148205	182.3423554	181.2115704	180.8620829	0	1	0	0	12	1
137	0.082484725	0.126782077	0	0	1	0	0	1	0	0	0.1155	0.434	33	29	17	18	2.993689904	2.96176822	2.446982744	2.239699326	182.4618173	182.3570873	180.6681586	179.9880949	0	0	1	0	29	1
140	0.12632521	0.083471017	0	0	1	0	0	1	0	0	0.78	0	27	39	24	22	2.967573168	3.307401026	2.806887206	2.457428106	182.4361324	183.5510532	181.9089475	180.7624282	0	0	0	1	5	1
144	0.777830189	0.274528302	0	0	1	0	0	1	0	0	0	1.5645	36	30	17	18	1.426577031	1.660348126	0.760689846	1.19614547	181.5703708	182.3373364	179.3857016	180.8143618	0	1	0	0	62	1
145	0.741257056	0.298946716	0	0	1	0	0	1	0	0	0	1.5645	39	37	17	21	2.646965564	2.896008004	2.042910496	2.482401876	181.3842702	182.2013386	179.4024623	180.8443631	0	0	0	1	165	1
148	0.125471698	0.072169811	0	0	1	0	0	1	0	0	0	0.1155	34	32	25	24	2.336270413	1.897325276	1.993988592	1.31721466	184.5549292	183.1148205	183.4319573	181.2115704	0	1	0	0	13	1
149	0.126782077	0.082484725	0	0	1	0	0	1	0	0	0	0.1155	36	33	25	17	3.385541706	2.993689904	2.846769833	2.446982744	183.7474203	182.4618173	181.979796	180.6681586	0	0	1	0	29	1
150	0.12632521	0.083471017	0	0	1	0	0	1	0	0	0	0.1155	36	32	25	16	3.421038144	3.026210815	2.879330802	2.478665826	183.9238784	182.6285132	182.1466234	180.8321057	0	0	0	1	30	1
151	0.137534819	0.087047354	0	0	1	0	0	1	0	0	0	0.1155	33	32	20	16	1.807355634	1.587681309	1.484666634	0.782888198	185.0396445	184.3189282	183.9809535	181.6785308	1	0	0	0	14	1
152	0.298946716	0.12632521	0	0	1	0	0	1	0	0	0.68	0.78	36	27	18	24	3.172956954	2.967573168	2.690474229	2.806887206	183.1099638	182.4361324	181.5270152	181.9089475	0	0	0	1	21	1
153	0.301595384	0.126782077	0	0	1	0	0	1	0	0	0.68	0.78	38	26	17	24	3.177331374	3.048819741	2.710482066	2.822953141	183.0643155	182.6426894	181.5326577	181.9016573	0	0	1	0	22	1
155	0.087047354	0.137534819	0	0	1	0	0	0	1	0	0.92	0	20	21	20	21	0.687233742	0.808468111	0.687233742	0.808468111	181.3647039	181.7624544	181.3647039	181.7624544	1	0	0	0	1	1
156	0.741257056	0.741257056	0	0	1	0	0	1	0	0	0	0	40	39	21	17	3.105206361	2.646965564	2.550835905	2.042910496	182.8876849	181.3842702	181.0688842	179.4024623	0	0	0	1	222	1
160	0.301595384	0.126782077	0	0	1	0	0	1	0	0	0	0	35	36	19	25	3.30514367	3.385541706	2.600775344	2.846769833	183.4836472	183.7474203	181.1727275	181.979796	0	0	1	0	43	1
161	0.304665738	0.137534819	0	0	1	0	0	1	0	0	0	0	36	33	17	20	1.603302494	1.807355634	1.128263146	1.484666634	184.3701788	185.0396445	182.8116507	183.9809535	1	0	0	0	15	1
164	0.777830189	0.274528302	0	0	1	0	0	1	0	0	0.05	0.68	35	25	15	19	1.88023459	1.949143054	0.972437968	1.713387378	183.0587487	183.2848263	180.0804133	182.5113497	0	1	0	0	36	1
165	0.741257056	0.298946716	0	0	1	0	0	1	0	0	0.05	0.68	35	36	16	18	3.11633453	3.172956954	2.283951636	2.690474229	182.9241947	183.1099638	180.1932796	181.5270152	0	0	0	1	86	1
167	0.125471698	0.072169811	0	0	0	1	0	1	0	0	0	0.92	35	34	21	23	1.856126343	2.171912559	1.047838514	1.407586211	182.9796534	184.0156974	180.3277904	181.508065	0	1	0	0	14	1
168	0.126782077	0.082484725	0	0	0	1	0	1	0	0	0	0.92	37	35	20	21	3.043211809	3.37909753	2.213280211	2.639796341	182.6242907	183.726278	179.901418	181.3007491	0	0	1	0	61	1
169	0.12632521	0.083471017	0	0	0	1	0	1	0	0	0	0.92	36	36	19	21	3.077004907	3.413451374	2.26033442	2.727405423	182.7951605	183.8989874	180.1157953	181.6481805	0	0	0	1	51	1
171	0.304665738	0.720752089	0	0	1	0	0	1	0	0	0	0	35	40	26	15	0.930218968	1.299872955	0.595661465	0.574885178	182.1618995	183.374675	181.0642699	180.9961062	1	0	0	0	5	1
172	0.301595384	0.739137814	0	0	1	0	0	1	0	0	0	0	38	40	25	21	3.447614124	3.07373163	2.451989952	2.516968313	183.95107	182.7244214	180.6845865	180.8977701	0	0	1	0	27	1
173	0.274528302	0.777830189	0	0	1	0	0	1	0	0	0	0	36	34	29	25	1.706981997	1.908525377	1.215449686	1.309685791	182.4903346	183.1515662	180.8776958	181.1868694	0	1	0	0	9	1
175	0.777830189	0.274528302	0	0	1	0	0	1	0	0	0.2765	0	29	32	20	22	1.877178637	2.167814254	1.703368865	1.613889531	183.0487226	184.0022515	182.4784805	182.1849132	0	1	0	0	19	1
176	0.741257056	0.298946716	0	0	1	0	0	1	0	0	0.2765	0	37	35	21	19	3.092838095	3.33829562	2.843091048	2.626496866	182.8471066	183.6524135	182.0277265	181.3171157	0	0	0	1	100	1
179	0.739137814	0.739137814	0	0	0	1	0	1	0	0	0.16	0.05	24	35	18	16	2.921384097	3.119460727	2.740995458	2.321901632	182.2245935	182.8744512	181.6327673	180.2577875	0	0	1	0	7	1
180	0.741257056	0.741257056	0	0	0	1	0	1	0	0	0.16	0.05	24	35	19	16	2.898003615	3.11633453	2.717785045	2.283951636	182.2078859	182.9241947	181.6166176	180.1932796	0	0	0	1	8	1
181	0.777830189	0.777830189	0	0	0	1	0	1	0	0	0.16	0.05	22	35	21	15	1.593204607	1.88023459	1.5683411	0.972437968	182.1170492	183.0587487	182.035476	180.0804133	0	1	0	0	2	1
182	0.298946716	0.12632521	0	0	1	0	0	0	1	0	0	0	37	36	21	19	3.026352499	3.077004907	2.155879267	2.26033442	182.628978	182.7951605	179.7730947	180.1157953	0	0	0	1	61	1
183	0.301595384	0.126782077	0	0	1	0	0	0	1	0	0	0	37	37	21	20	2.951371796	3.043211809	2.110218351	2.213280211	182.3229783	182.6242907	179.5632886	179.901418	0	0	1	0	76	1
186	0.125471698	0.274528302	0	0	1	0	0	1	0	0	0.07	0	30	36	30	29	1.681008499	1.706981997	1.681008499	1.215449686	182.4051197	182.4903346	182.4051197	180.8776958	0	1	0	0	1	1
187	0.12632521	0.298946716	0	0	1	0	0	1	0	0	0.07	0	30	38	29	24	3.139857846	3.480030888	2.986048426	2.488131071	183.0013709	184.1174242	182.4967468	180.8631597	0	0	0	1	2	1
188	0.137534819	0.304665738	0	0	1	0	0	1	0	0	0.07	0	31	35	23	26	1.535615701	0.930218968	0.966055872	0.595661465	184.1481093	182.1618995	182.2794746	181.0642699	1	0	0	0	7	1
190	0.739137814	0.739137814	0	0	1	0	0	1	0	0	0	0.2765	37	37	21	21	3.553104787	3.06283534	2.828168345	2.811757256	184.2971679	182.6886724	181.9187675	181.8649254	0	0	1	0	190	1
191	0.777830189	0.777830189	0	0	1	0	0	1	0	0	0	0.2765	33	29	15	20	2.401577735	1.877178637	1.496540433	1.703368865	184.769192	183.0487226	181.7999096	182.4784805	0	1	0	0	98	1
194	0.301595384	0.739137814	0	0	0	0	1	0	1	0	0.72	0.16	20	24	19	18	2.907824614	2.921384097	2.890302564	2.740995458	182.180107	182.2245935	182.12262	181.6327673	0	0	1	0	2	1
195	0.298946716	0.741257056	0	0	0	0	1	0	1	0	0.72	0.16	24	24	19	19	2.891013366	2.898003615	2.846547145	2.717785045	182.184952	182.2078859	182.0390654	181.6166176	0	0	0	1	3	1
196	0.777830189	0.274528302	0	0	1	0	0	1	0	0	0	0	36	36	22	28	1.782521583	1.64084259	1.057324187	0.886654653	182.7381679	182.2733418	180.3589114	179.798972	0	1	0	0	49	1
197	0.739137814	0.301595384	0	0	1	0	0	1	0	0	0	0	39	37	20	21	3.014144543	2.951371796	2.377753041	2.110218351	182.5289257	182.3229783	180.441027	179.5632886	0	0	1	0	143	1
200	0.083471017	0.12632521	0	0	1	0	0	1	0	0	0.427	0.07	32	30	20	29	3.124378228	3.139857846	2.994215679	2.986048426	182.9505847	183.0013709	182.5235423	182.4967468	0	0	0	1	24	1
201	0.082484725	0.126782077	0	0	1	0	0	1	0	0	0.427	0.07	31	30	21	28	3.093001054	3.107587511	2.980893617	2.950862875	182.7876413	182.8354971	182.4198347	182.3213086	0	0	1	0	23	1
202	0.087047354	0.137534819	0	0	1	0	0	1	0	0	0.427	0.07	34	31	22	23	1.229721254	1.535615701	0.942943077	0.966055872	183.1445185	184.1481093	182.2036453	182.2794746	1	0	0	0	7	1
205	0.720752089	0.720752089	0	0	1	0	0	1	0	0	0.48	0	40	37	20	19	1.119292983	1.147051251	0.250825947	0.403514403	182.7822211	182.8732915	179.9329198	180.4338662	1	0	0	0	67	1
206	0.739137814	0.739137814	0	0	1	0	0	1	0	0	0.48	0	41	39	21	20	3.084455746	3.014144543	2.140189292	2.377753041	182.7596055	182.5289257	179.6616184	180.441027	0	0	1	0	212	1
207	0.741257056	0.741257056	0	0	1	0	0	1	0	0	0.48	0	42	38	21	20	3.124329982	3.059742312	2.195962109	2.425816421	182.9504264	182.7385246	179.9046001	180.6587153	0	0	0	1	207	1
208	0.777830189	0.777830189	0	0	1	0	0	1	0	0	0.48	0	38	36	21	22	1.791953225	1.782521583	0.892082273	1.057324187	182.7691116	182.7381679	179.8167791	180.3589114	0	1	0	0	116	1
209	0.137534819	0.087047354	0	0	1	0	0	1	0	0	0	0.427	37	34	12	22	0.575784153	1.229721254	0.111289361	0.942943077	180.9990556	183.1445185	179.4751226	182.2036453	1	0	0	0	28	1
214	0.304665738	0.720752089	0	0	1	0	0	1	0	0	0	0.48	42	40	33	20	1.181712233	1.119292983	0.373848172	0.250825947	182.9870086	182.7822211	180.336536	179.9329198	1	0	0	0	10	1
215	0.298946716	0.741257056	0	0	1	0	0	1	0	0	0	0.48	43	42	21	21	3.107502596	3.124329982	2.098862313	2.195962109	182.8952185	182.9504264	179.5860312	179.9046001	0	0	0	1	58	1
216	0.274528302	0.777830189	0	0	1	0	0	1	0	0	0	0.48	38	38	24	21	1.803766064	1.791953225	0.916826476	0.892082273	182.8078677	182.7691116	179.8979609	179.8167791	0	1	0	0	14	1
218	0.274528302	0.125471698	0	0	1	0	0	1	0	0	0	0	33	26	19	20	1.637724439	1.296296815	1.04556573	0.787286052	182.2631117	181.1429423	180.3203338	179.4729595	0	1	0	0	28	1
219	0.298946716	0.12632521	0	0	1	0	0	1	0	0	0	0	34	36	15	14	2.911602907	2.611847796	2.348215951	2.056347873	182.252503	181.2690544	180.4041206	179.4465481	0	0	0	1	84	1
220	0.301595384	0.126782077	0	0	1	0	0	1	0	0	0	0	34	36	15	14	2.885325152	2.5801948	2.303459904	2.025926882	182.1062899	181.105206	180.1972832	179.2867417	0	0	1	0	85	1
221	0.304665738	0.137534819	0	0	1	0	0	1	0	0	0	0	32	37	12	12	1.061738667	0.575784153	0.358135235	0.111289361	182.5933946	180.9990556	180.2849844	179.4751226	1	0	0	0	29	1
222	0.083471017	0.12632521	0	0	1	0	0	0	0	1	0	0.4725	31	23	17	22	2.89280539	2.753036496	2.47374826	2.707001421	182.1908313	181.732272	180.815972	181.5812383	0	0	0	1	20	1
223	0.087047354	0.137534819	0	0	1	0	0	0	0	1	0	0.4725	30	20	15	20	1.116494996	1.360110539	0.911322372	1.360091891	182.7730413	183.5723049	182.0999028	183.5722437	1	0	0	0	22	1
226	0.137534819	0.304665738	0	0	1	0	0	1	0	0	0.17	0	28	42	28	33	0.391630942	1.181712233	0.391630942	0.373848172	180.3948784	182.9870086	180.3948784	180.336536	1	0	0	0	1	1
227	0.125471698	0.274528302	0	0	1	0	0	1	0	0	0.17	0	37	38	29	24	1.966052162	1.803766064	1.090061992	0.916826476	183.3403024	182.8078677	180.4663189	179.8979609	0	1	0	0	13	1
228	0.12632521	0.298946716	0	0	1	0	0	1	0	0	0.17	0	41	43	23	21	3.221409057	3.107502596	2.073281792	2.098862313	183.2689274	182.8952185	179.5021056	179.5860312	0	0	0	1	50	1
230	0.739137814	0.301595384	0	0	1	0	0	1	0	0	0.0805	0	34	34	20	15	2.828264574	2.885325152	2.487899188	2.303459904	181.9190832	182.1062899	180.8023989	180.1972832	0	0	1	0	51	1
231	0.720752089	0.304665738	0	0	1	0	0	1	0	0	0.0805	0	30	32	19	12	0.894590964	1.061738667	0.569777236	0.358135235	182.0450097	182.5933946	180.9793479	180.2849844	1	0	0	0	30	1
234	0.126782077	0.082484725	0	0	1	0	0	1	0	0	0	0	28	30	15	17	2.921711535	2.862011502	2.421778187	2.440648109	182.2256678	182.0298015	180.5854665	180.6473757	0	0	1	0	17	1
235	0.12632521	0.083471017	0	0	1	0	0	1	0	0	0	0	28	31	15	17	2.952804597	2.89280539	2.450351418	2.47374826	182.3876791	182.1908313	180.7392107	180.815972	0	0	0	1	17	1
236	0.137534819	0.087047354	0	0	1	0	0	1	0	0	0	0	26	30	19	15	1.32187175	1.116494996	0.791053697	0.911322372	183.4468496	182.7730413	181.7053205	182.0999028	1	0	0	0	9	1
238	0.087047354	0.137534819	0	0	1	0	0	1	0	0	0	0.17	28	28	23	28	0.553300968	0.391630942	0.260034251	0.391630942	180.9252919	180.3948784	179.9631307	180.3948784	1	0	0	0	4	1
239	0.083471017	0.12632521	0	0	1	0	0	1	0	0	0	0.17	41	41	24	23	3.214727683	3.221409057	2.278555971	2.073281792	183.2470068	183.2689274	180.1755773	179.5021056	0	0	0	1	44	1
242	0.741257056	0.741257056	0	0	1	0	0	1	0	0	0.0455	0.0805	37	33	23	20	3.184452297	2.861836399	2.573424093	2.519989439	183.1476781	182.089227	181.1429924	180.9676819	0	0	0	1	206	1
243	0.777830189	0.777830189	0	0	1	0	0	1	0	0	0.0455	0.0805	34	28	23	19	1.857678476	1.562725413	1.285087741	1.226794633	182.9847457	182.0170519	181.1061671	180.9149168	0	1	0	0	94	1
246	0.274528302	0.125471698	0	0	1	0	0	1	0	0	0	0	29	28	19	18	2.00658739	1.65932478	1.490027098	1.285787605	183.473292	182.3339789	181.7785403	181.1084633	0	1	0	0	18	1
247	0.304665738	0.137534819	0	0	1	0	0	1	0	0	0	0	36	26	21	19	1.39410548	1.32187175	1.184312523	0.791053697	183.6838369	183.4468496	182.9955398	181.7053205	1	0	0	0	15	1
250	0.125471698	0.072169811	0	0	1	0	0	1	0	0	0	0	34	35	30	22	1.630871346	2.032854558	1.172644525	1.050675408	182.2406278	183.5594703	180.7372589	180.3370978	0	1	0	0	2	1
254	0.301595384	0.739137814	0	0	1	0	0	1	0	0	0.098	0.0455	40	37	23	23	3.38705558	3.152150495	2.294039876	2.53920236	183.7523871	182.9817011	180.1663775	180.9707164	0	0	1	0	55	1
255	0.298946716	0.741257056	0	0	1	0	0	1	0	0	0.098	0.0455	41	37	22	23	3.417837237	3.184452297	2.331250881	2.573424093	183.9133768	183.1476781	180.3484609	181.1429924	0	0	0	1	50	1
256	0.274528302	0.777830189	0	0	1	0	0	1	0	0	0.098	0.0455	36	34	23	23	2.147944568	1.857678476	1.122061444	1.285087741	183.9370622	182.9847457	180.5713039	181.1061671	0	1	0	0	19	1
258	0.741257056	0.298946716	0	0	0	0	1	1	0	0	0	0	29	34	12	19	2.792597942	3.281954687	2.34592953	2.688650455	181.8620667	183.4675679	180.3966192	181.5210317	0	0	0	1	113	1
259	0.739137814	0.301595384	0	0	0	0	1	1	0	0	0	0	29	34	12	19	2.763158924	3.251740837	2.314812987	2.657590928	181.705482	183.3084411	180.2345308	181.3591303	0	0	1	0	115	1
265	0.12632521	0.298946716	0	0	1	0	0	1	0	0	0	0.098	37	41	24	22	3.337190519	3.417837237	2.500939189	2.331250881	183.6487878	183.9133768	180.9051811	180.3484609	0	0	0	1	43	1
273	0.12632521	0.12632521	0	0	1	0	0	1	0	0	0	0	25	25	16	16	3.313889804	3.313889804	2.857181292	2.857181292	183.5723419	183.5723419	182.0739544	182.0739544	0	0	0	1	4	1
274	0.125471698	0.125471698	0	0	1	0	0	1	0	0	0	0	22	22	21	21	1.637861366	1.637861366	1.520581079	1.520581079	182.2635609	182.2635609	181.8787831	181.8787831	0	1	0	0	3	1
275	0.126782077	0.126782077	0	0	1	0	0	1	0	0	0	0	25	25	16	16	3.294421705	3.294421705	2.821464512	2.821464512	183.4484702	183.4484702	181.8967733	181.8967733	0	0	1	0	5	1
277	0.739137814	0.301595384	0	0	1	0	0	0	1	0	0.65	0.06	40	37	18	22	2.572446225	3.021821317	2.042452573	2.720296215	181.0797842	182.5541119	179.3409599	181.5648563	0	0	1	0	139	1
280	0.072169811	0.125471698	0	0	1	0	0	1	0	0	0	0	35	34	23	26	1.758724437	2.222004366	1.422188329	1.550645528	182.6600933	184.1800406	181.5559722	181.9774197	0	1	0	0	23	1
284	0.304665738	0.720752089	0	0	1	0	0	0	1	0	0.49	0.4445	37	38	19	21	1.861695267	1.45188286	1.03961196	0.905714346	185.2179241	183.8733952	182.5208004	182.0815038	1	0	0	0	14	1
285	0.274528302	0.777830189	0	0	1	0	0	0	1	0	0.49	0.4445	34	27	29	23	2.230974836	2.065486241	1.542270691	1.68651382	184.2094712	183.6665297	181.9499432	182.4231818	0	1	0	0	12	1
289	0.274528302	0.125471698	0	0	1	0	0	1	0	0	0	0	28	22	13	21	2.022940668	1.637861366	1.186901138	1.520581079	183.5269444	182.2635609	180.7840326	181.8787831	0	1	0	0	12	1
292	0.720752089	0.720752089	0	0	0	1	0	1	0	0	0	0.65	19	42	19	17	0.774784998	0.638391726	0.774784998	0.190829919	181.6519455	181.204461	181.6519455	179.7360824	1	0	0	0	1	1
293	0.739137814	0.739137814	0	0	0	1	0	1	0	0	0	0.65	27	40	19	18	2.157591676	2.572446225	1.621455005	2.042452573	179.7187128	181.0797842	177.9597343	179.3409599	0	0	1	0	38	1
296	0.126782077	0.082484725	0	0	1	0	0	1	0	0	0	0	33	35	20	23	2.948698415	2.872804989	2.337449082	2.609507945	182.3142074	182.0652132	180.3087962	181.2013778	0	0	1	0	36	1
297	0.12632521	0.083471017	0	0	1	0	0	1	0	0	0	0	34	36	19	22	2.998070644	2.900873242	2.374243033	2.643490558	182.5361898	182.2173007	180.4895113	181.3728693	0	0	0	1	40	1
300	0.137534819	0.304665738	0	0	1	0	0	1	0	0	0	0.49	31	37	17	19	1.991587756	1.861695267	1.744929596	1.03961196	185.6440806	185.2179241	184.8348346	182.5208004	1	0	0	0	3	1
301	0.12632521	0.298946716	0	0	1	0	0	1	0	0	0	0.49	31	38	21	24	3.576489861	3.499792373	3.091260288	2.618342235	184.4338906	184.1822584	182.8419301	181.2903617	0	0	0	1	6	1
303	0.720752089	0.304665738	0	0	1	0	0	1	0	0	0	0	27	26	5	12	1.130241459	1.433024494	0.836943769	0.607174629	182.8181413	183.8115239	181.8558785	181.1020427	1	0	0	0	19	1
304	0.741257056	0.298946716	0	0	1	0	0	1	0	0	0	0	27	28	6	14	3.061036806	3.307459076	2.821825689	2.696874299	182.7427717	183.5512437	181.9579583	181.5480128	0	0	0	1	39	1
307	0.301595384	0.739137814	0	0	1	0	0	0	1	0	0.03	0	39	27	22	19	3.151491235	2.157591676	2.082998866	1.621455005	182.9795382	179.7187128	179.4739858	177.9597343	0	0	1	0	36	1
308	0.298946716	0.741257056	0	0	1	0	0	0	1	0	0.03	0	40	27	22	19	3.185677838	2.195763065	2.122027473	1.657847879	183.1516989	179.9039471	179.6620324	178.1391335	0	0	0	1	36	1
309	0.304665738	0.720752089	0	0	1	0	0	0	1	0	0.03	0	34	19	27	19	0.737783058	0.774784998	0.235547371	0.774784998	181.5305481	181.6519455	179.8827932	181.6519455	1	0	0	0	4	1
315	0.083471017	0.12632521	0	0	1	0	0	1	0	0	0.1505	0	30	31	17	21	3.58694285	3.576489861	3.277033559	3.091260288	184.4681852	184.4338906	183.4514224	182.8419301	0	0	0	1	15	1
317	0.720752089	0.720752089	0	0	1	0	0	1	0	0	0	0	34	27	11	5	0.889798216	1.130241459	0.227398748	0.836943769	182.0292855	182.8181413	179.8560589	181.8558785	1	0	0	0	91	1
318	0.739137814	0.739137814	0	0	1	0	0	1	0	0	0	0	35	27	9	7	2.686288328	3.034010527	2.098357381	2.79623378	181.4532819	182.5941028	179.5243746	181.8139953	0	0	1	0	173	1
319	0.777830189	0.777830189	0	0	1	0	0	1	0	0	0	0	32	20	17	17	1.409508912	1.763308797	0.86441035	1.496000136	181.5143731	182.6751338	179.725992	181.7981369	0	1	0	0	77	1
321	0.12632521	0.298946716	0	0	0	1	0	1	0	0	0	0.03	27	40	27	22	3.454641917	3.185677838	3.454641917	2.122027473	184.034127	183.1516989	184.034127	179.6620324	0	0	0	1	1	1
322	0.126782077	0.301595384	0	0	0	1	0	1	0	0	0	0.03	29	39	26	22	3.418352113	3.151491235	2.974295463	2.082998866	183.855066	182.9795382	182.3981872	179.4739858	0	0	1	0	2	1
323	0.739137814	0.301595384	0	0	1	0	0	1	0	0	0	0	35	35	17	17	3.12084049	3.119052955	2.507359678	2.774348633	182.878978	182.8731134	180.8662457	181.7421937	0	0	1	0	214	1
324	0.720752089	0.304665738	0	0	1	0	0	1	0	0	0	0	33	35	16	16	1.188346648	1.236156482	0.582035097	0.858029105	183.0087751	183.1656315	181.019564	181.9250561	1	0	0	0	66	1
327	0.125471698	0.072169811	0	0	1	0	0	1	0	0	0	0.1505	34	26	22	26	2.469782279	2.446829549	2.295072856	2.446829549	184.9929602	184.917656	184.4197666	184.917656	0	1	0	0	19	1
328	0.12632521	0.083471017	0	0	1	0	0	1	0	0	0	0.1505	34	30	20	17	3.484365096	3.58694285	3.245137597	3.277033559	184.131644	184.4681852	183.3467769	183.4514224	0	0	0	1	32	1
330	0.304665738	0.720752089	1	0	1	0	0	1	0	0	0	0	35	34	13	11	1.099763473	0.889798216	0.905916957	0.227398748	182.7181479	182.0292855	182.0821685	179.8560589	1	0	0	0	32	1
331	0.298946716	0.741257056	1	0	1	0	0	1	0	0	0	0	32	35	16	9	2.986968792	2.714176734	2.863597614	2.127879256	182.4997664	181.6047793	182.0950053	179.6812312	0	0	0	1	51	1
332	0.274528302	0.777830189	1	0	1	0	0	1	0	0	0	0	28	32	17	17	1.692098188	1.409508912	1.567658259	0.86441035	182.4415032	181.5143731	182.0332358	179.725992	0	1	0	0	26	1
334	0.083471017	0.12632521	0	0	1	0	0	0	1	0	1.59	0	36	27	23	27	3.298620774	3.454641917	2.495940458	3.454641917	183.5222466	184.034127	180.888781	184.034127	0	0	0	1	24	1
335	0.082484725	0.126782077	0	0	1	0	0	0	1	0	1.59	0	34	29	23	26	3.265817624	3.418352113	2.457277847	2.974295463	183.3546247	183.855066	180.7019352	182.3981872	0	0	1	0	25	1
336	0.741257056	0.741257056	0	0	0	0	1	1	0	0	0.0105	0	33	36	20	17	2.954810426	3.151591352	2.089029048	2.545503467	182.3942599	183.0398666	179.5537698	181.0513893	0	0	0	1	72	1
337	0.777830189	0.777830189	0	0	0	0	1	1	0	0	0.0105	0	31	34	20	18	1.699623753	1.876240597	0.860098898	1.339901714	182.4661934	183.045645	179.7118468	181.286003	0	1	0	0	42	1
340	0.304665738	0.137534819	0	0	0	1	0	1	0	0	0.035	0	37	31	16	20	1.854198214	1.999984289	1.370013482	1.873066261	185.1933275	185.6716282	183.6047949	185.2552305	1	0	0	0	23	1
341	0.274528302	0.125471698	0	0	0	1	0	1	0	0	0.035	0	27	34	21	22	2.439942114	2.469782279	2.042475748	2.295072856	184.8950594	184.9929602	183.5910359	184.4197666	0	1	0	0	21	1
342	0.298946716	0.12632521	0	0	0	1	0	1	0	0	0.035	0	34	34	16	20	3.585671199	3.484365096	2.884260734	3.245137597	184.4640131	184.131644	182.1627977	183.3467769	0	0	0	1	43	1
343	0.301595384	0.126782077	0	0	0	1	0	1	0	0	0.035	0	33	34	17	21	3.568158676	3.459496118	2.833028183	3.222010924	184.3465573	183.9900529	181.9347119	183.210902	0	0	1	0	48	1
344	0.125471698	0.274528302	0	1	1	0	0	1	0	0	0	0	31	28	22	17	1.830519079	1.692098188	1.278997364	1.567658259	182.89564	182.4415032	181.0861856	182.0332358	0	1	0	0	6	1
345	0.12632521	0.298946716	0	1	1	0	0	1	0	0	0	0	32	32	20	16	3.000889908	2.986968792	2.588943131	2.863597614	182.5454393	182.4997664	181.1939079	182.0950053	0	0	0	1	13	1
346	0.137534819	0.304665738	0	1	1	0	0	1	0	0	0	0	28	35	21	13	1.11544633	1.099763473	0.666192927	0.905916957	182.7696008	182.7181479	181.2956723	182.0821685	1	0	0	0	5	1
348	0.137534819	0.087047354	0	0	1	0	0	1	0	0	0	1.59	29	30	23	30	0.929745335	0.684734158	0.826131982	0.684734158	182.1603456	181.3565031	181.8204068	181.3565031	1	0	0	0	5	1
352	0.274528302	0.777830189	0	0	1	0	0	0	0	1	0.0105	0.0105	31	31	25	20	1.786090279	1.699623753	0.743119602	0.860098898	182.7498762	182.4661934	179.3280564	179.7118468	0	1	0	0	3	1
356	0.777830189	0.274528302	0	0	0	0	1	0	1	0	0	0.035	29	27	16	21	1.531164348	2.439942114	1.368871889	2.042475748	181.9135051	184.8950594	181.3810495	183.5910359	0	1	0	0	36	1
357	0.741257056	0.298946716	0	0	0	0	1	0	1	0	0	0.035	28	34	14	16	2.675111412	3.585671199	2.423081389	2.884260734	181.4766122	184.4640131	180.6497421	182.1627977	0	0	0	1	87	1
358	0.720752089	0.304665738	0	0	0	0	1	0	1	0	0	0.035	27	37	13	16	1.104357154	1.854198214	0.862473797	1.370013482	182.733219	185.1933275	181.9396384	183.6047949	1	0	0	0	32	1
360	0.072169811	0.125471698	0	0	1	0	0	1	0	0	0	0	34	31	20	22	1.635016357	1.830519079	0.906896563	1.278997364	182.2542269	182.89564	179.8653824	181.0861856	0	1	0	0	3	1
361	0.087047354	0.137534819	0	0	1	0	0	1	0	0	0	0	34	28	20	21	1.003415653	1.11544633	0.051614103	0.666192927	182.4020461	182.7696008	179.2793376	181.2956723	1	0	0	0	9	1
362	0.082484725	0.126782077	0	0	1	0	0	1	0	0	0	0	34	33	21	20	3.004010803	2.965856499	1.903475874	2.558871897	182.4956785	182.3705003	178.8849996	181.035249	0	0	1	0	15	1
364	0.274528302	0.125471698	0	0	1	0	0	1	0	0	0	0	31	33	18	25	1.489166416	1.776687045	1.331664332	1.460129384	181.7757166	182.7190257	181.2589775	181.6804507	0	1	0	0	16	1
365	0.301595384	0.126782077	0	0	1	0	0	1	0	0	0	0	39	32	17	18	2.81802452	3.002968015	2.511283503	2.632352484	181.8854873	182.4922573	180.8791191	181.276327	0	0	1	0	62	1
368	0.126782077	0.301595384	0	0	1	0	0	1	0	0	0.098	0.0105	39	34	24	23	3.02503735	2.986276479	2.153147646	1.975205057	182.5646632	182.437495	179.7041327	179.1203316	0	0	1	0	30	1
372	0.777830189	0.777830189	0	0	0	1	0	0	0	1	1.351	0	16	29	14	16	1.601480842	1.531164348	1.256354873	1.368871889	182.1442022	181.9135051	181.0118992	181.3810495	0	1	0	0	14	1
375	0.137534819	0.087047354	0	0	1	0	0	1	0	0	0.3465	0	33	34	25	20	1.234775015	1.003415653	0.189081967	0.051614103	183.1610991	182.4020461	179.7303477	179.2793376	1	0	0	0	4	1
376	0.125471698	0.072169811	0	0	1	0	0	1	0	0	0.3465	0	30	34	20	20	1.499926221	1.635016357	0.749363751	0.906896563	181.8110178	182.2542269	179.3485425	179.8653824	0	1	0	0	3	1
377	0.12632521	0.083471017	0	0	1	0	0	1	0	0	0.3465	0	31	33	21	21	3.302893203	3.037370333	2.011490138	1.932762042	183.5362638	182.6651258	179.2993771	179.0410828	0	0	0	1	10	1
379	0.777830189	0.274528302	0	0	1	0	0	1	0	0	0	0	33	31	18	18	1.594267454	1.489166416	1.35877078	1.331664332	182.1205363	181.7757166	181.3479094	181.2589775	0	1	0	0	72	1
380	0.741257056	0.298946716	0	0	1	0	0	1	0	0	0	0	35	37	17	17	2.92854893	2.789907663	2.661037208	2.544477796	182.3081002	181.8532404	181.430437	181.0480243	0	0	0	1	143	1
382	0.083471017	0.12632521	0	0	1	0	0	1	0	0	0.098	0.098	42	39	22	24	3.129231397	3.065063759	2.352524634	2.193909117	182.9665072	182.7559835	180.4182567	179.8978646	0	0	0	1	84	1
383	0.087047354	0.137534819	0	0	1	0	0	1	0	0	0.098	0.098	43	39	23	28	1.203260269	1.158493223	0.567776483	0.459525759	183.0577043	182.9108308	180.9727837	180.6176304	1	0	0	0	32	1
389	0.274528302	0.125471698	0	0	1	0	0	1	0	0	0.098	0.3465	34	30	26	20	2.192742358	1.499926221	1.187547177	0.749363751	184.0840366	181.8110178	180.7861522	179.3485425	0	1	0	0	24	1
390	0.298946716	0.12632521	0	0	1	0	0	1	0	0	0.098	0.3465	34	31	16	21	3.473581241	3.302893203	2.421559934	2.011490138	184.0962639	183.5362638	180.6447504	179.2993771	0	0	0	1	69	1
391	0.301595384	0.126782077	0	0	1	0	0	1	0	0	0.098	0.3465	34	31	16	21	3.443161694	3.273675142	2.390341287	1.980712276	183.9364623	183.380404	180.4823271	179.1383999	0	0	1	0	72	1
392	0.304665738	0.137534819	0	0	1	0	0	1	0	0	0.098	0.3465	35	33	17	25	1.580575545	1.234775015	0.489193336	0.189081967	184.2956153	183.1610991	180.714965	179.7303477	1	0	0	0	24	1
396	0.125471698	0.072169811	0	0	0	1	0	1	0	0	0	0.098	37	39	33	22	0.518745346	1.904939368	0.517014593	1.046503845	178.5919204	183.1398011	178.5862421	180.3234116	0	1	0	0	3	1
399	0.126782077	0.301595384	0	0	0	1	0	0	0	1	0	0.1785	32	25	18	21	3.284868201	3.367613507	3.018498582	3.311629497	183.4171266	183.6886007	182.5432106	183.5049262	0	0	1	0	14	1
400	0.137534819	0.304665738	0	0	0	1	0	0	0	1	0	0.1785	30	26	17	17	1.739285681	1.994634636	1.553715506	1.955152081	184.8163179	185.6540769	184.2074918	185.5245409	1	0	0	0	9	1
403	0.777830189	0.274528302	0	0	1	0	0	1	0	0	0	0.098	33	34	27	26	1.975840064	2.192742358	1.038961684	1.187547177	183.3724149	184.0840366	180.2986669	180.7861522	0	1	0	0	41	1
407	0.301595384	0.739137814	0	0	1	0	0	1	0	0	0	0	38	36	22	19	3.045682354	3.37839498	2.531944079	2.676822234	182.6323962	183.723973	180.9469031	181.4222252	0	0	1	0	42	1
408	0.274528302	0.777830189	0	0	1	0	0	1	0	0	0	0	37	34	29	19	1.70007163	1.933567958	1.23820715	1.3858196	182.4676628	183.2337269	180.9523594	181.4366522	0	1	0	0	15	1
410	0.274528302	0.125471698	0	0	1	0	0	0	1	0	0.595	0	35	37	18	33	1.905624318	0.518745346	1.121958391	0.517014593	183.1420483	178.5919204	180.5709658	178.5862421	0	1	0	0	36	1
413	0.720752089	0.720752089	0	0	0	1	0	1	0	0	0.0105	0	21	34	19	16	0.537897089	1.350883793	0.416501905	0.429431408	180.8747542	183.5420334	180.4764761	180.5188957	1	0	0	0	7	1
414	0.739137814	0.739137814	0	0	0	1	0	1	0	0	0.0105	0	22	35	15	17	3.061217008	3.211571789	2.380971638	2.323050022	182.6833629	183.1766529	180.4515867	180.2615552	0	0	1	0	17	1
3	0.777830189	0.274528302	0	0	1	0	0	1	0	0	0	0.595	34	35	23	18	1.79331647	1.905624318	1.168536689	1.121958391	182.7735842	183.1420483	180.7237818	180.5709658	0	1	0	0	78	2
5	0.083471017	0.12632521	0	0	0	1	0	0	1	0	0.6055	0	32	32	24	17	3.425827668	3.307909765	3.112990515	3.049374572	183.9395921	183.5527223	182.9132235	182.7045098	0	0	0	1	5	2
6	0.082484725	0.126782077	0	0	0	1	0	0	1	0	0.6055	0	32	32	24	18	3.390489376	3.284868201	3.088364767	3.018498582	183.7636528	183.4171266	182.7724303	182.5432106	0	0	1	0	5	2
13	0.12632521	0.298946716	0	0	1	0	0	1	0	0	0	0	41	38	19	23	3.012135198	3.041232418	2.207785799	2.516883412	182.5823333	182.6777966	179.9433917	180.9574915	0	0	0	1	47	2
16	0.777830189	0.777830189	0	0	1	0	0	1	0	0	0.0105	0	34	34	23	23	1.50456419	1.79331647	1.156579454	1.168536689	181.8262342	182.7735842	180.684552	180.7237818	0	1	0	0	71	2
20	0.12632521	0.083471017	0	0	1	0	0	0	1	0	0.3815	0.6055	34	32	17	24	3.472499789	3.425827668	3.064422319	3.112990515	184.0927158	183.9395921	182.753879	182.9132235	0	0	0	1	39	2
25	0.083471017	0.12632521	0	0	1	0	0	1	0	0	0	0	41	41	22	19	2.889455654	3.012135198	2.622323077	2.207785799	182.1798414	182.5823333	181.3034222	179.9433917	0	0	0	1	43	2
27	0.304665738	0.720752089	0	0	1	0	0	1	0	0	0	0.0105	36	37	25	14	1.225059441	1.078402807	0.484949303	0.503996844	183.1292239	182.648067	180.701041	180.763533	1	0	0	0	15	2
30	0.274528302	0.125471698	0	0	1	0	0	1	0	0	0	0.3815	29	31	22	23	2.316595405	2.425734045	2.003469921	2.191898447	184.4903786	184.848445	183.463064	184.0812679	0	1	0	0	46	2
31	0.304665738	0.137534819	0	0	1	0	0	1	0	0	0	0.3815	37	32	18	26	1.775868444	1.922952996	1.629526016	1.786593026	184.93634	185.4189009	184.456214	184.9715257	1	0	0	0	59	2
36	0.083471017	0.12632521	0	0	1	0	0	0	1	0	0.0175	1.379	33	17	24	12	3.252574806	3.413568185	3.024106082	3.153223944	183.3711772	183.8993707	182.6216079	183.0452229	0	0	0	1	8	2
51	0.137534819	0.087047354	0	0	1	0	0	1	0	0	0	0.0175	31	32	14	32	1.615243873	1.787056836	1.160903856	1.787056836	184.4093565	184.9730474	182.9187397	184.9730474	1	0	0	0	6	2
61	0.741257056	0.741257056	0	1	1	0	0	0	1	0	0.133	0	36	25	17	16	3.270953164	3.192447592	2.554048496	2.409702681	183.4314736	183.1739094	181.0794242	180.6058487	0	0	0	1	235	2
71	0.12632521	0.083471017	0	0	1	0	0	1	0	0	0	0.8015	35	36	18	19	3.184609007	3.072362568	2.266193772	2.107072095	183.1481923	182.7799297	180.1350189	179.6129662	0	0	0	1	42	2
72	0.137534819	0.087047354	0	0	1	0	0	1	0	0	0	0.8015	32	34	17	27	1.204981035	1.053410592	0.252297581	0.194150866	183.0633499	182.5660715	179.937748	179.7469779	1	0	0	0	16	2
75	0.298946716	0.741257056	0	0	1	0	0	1	0	0	0	0.133	37	36	25	17	3.579540358	3.270953164	2.858481989	2.554048496	184.4438988	183.4314736	182.0782217	181.0794242	0	0	0	1	66	2
80	0.741257056	0.298946716	0	0	1	0	0	1	0	0	0	0	29	29	17	15	3.367178575	3.270015712	2.616953378	2.903906332	183.7471738	183.428398	181.285805	182.2272517	0	0	0	1	49	2
87	0.274528302	0.125471698	0	0	1	0	0	1	0	0	0	0	33	33	17	23	2.129448206	1.835504494	1.35558994	0.934475777	183.8763786	182.9119964	181.3374736	179.9558654	0	1	0	0	14	2
88	0.301595384	0.126782077	0	0	1	0	0	1	0	0	0	0	36	35	20	18	3.33496574	3.14663417	2.556058007	2.219276376	183.5814886	182.9636029	181.0260171	179.9210905	0	0	1	0	76	2
99	0.274528302	0.777830189	1	0	1	0	0	1	0	0	0	0	38	38	24	14	1.497344147	1.454842609	0.5428106	0.81726615	181.8025464	181.6631057	178.6708747	179.5713194	0	1	0	0	75	2
102	0.741257056	0.298946716	0	0	1	0	0	1	0	0	0	0	37	38	16	20	3.175155925	3.374645101	2.440660146	2.597839373	183.1171782	183.7716703	180.7074152	181.2230951	0	0	0	1	170	2
104	0.072169811	0.125471698	0	0	0	0	1	1	0	0	0.854	0	29	32	21	22	1.840836896	2.07259311	1.235064073	1.385936139	182.9294911	183.6898462	180.9420475	181.4370346	0	1	0	0	4	2
105	0.087047354	0.137534819	0	0	0	0	1	1	0	0	0.854	0	32	29	32	24	0.586585991	1.065706787	0.586585991	0.653831153	181.0344947	182.6064133	181.0344947	181.2551153	1	0	0	0	1	2
109	0.301595384	0.739137814	0	0	1	0	0	1	0	0	0	0	19	30	19	9	2.860448543	3.183426432	2.860448543	2.880117714	182.0246737	183.0843124	182.0246737	182.0892051	0	0	1	0	1	2
116	0.739137814	0.739137814	0	0	1	0	0	1	0	0	0	0	37	36	18	16	2.844326919	3.139774193	2.086632123	2.396361559	181.9717812	182.9410964	179.4859059	180.5020786	0	0	1	0	185	2
120	0.126782077	0.082484725	0	0	1	0	0	0	0	1	0	0.854	31	35	18	23	2.730391255	3.104563787	2.62644383	2.294964601	181.5979766	182.8255767	181.2569417	180.1694114	0	0	1	0	37	2
124	0.12632521	0.298946716	0	0	1	0	0	1	0	0	0.434	0	29	19	17	19	2.996035259	2.891707755	2.271069412	2.891707755	182.529512	182.1872302	180.1510151	182.1872302	0	0	0	1	12	2
130	0.274528302	0.777830189	0	0	1	0	0	1	0	0	0	0	33	32	28	22	1.79372067	1.5061781	1.114762672	0.847830245	182.7749103	181.8315292	180.5473578	179.6715953	0	1	0	0	15	2
133	0.298946716	0.12632521	0	0	1	0	0	1	0	0	1.5645	0	37	30	21	17	2.896008004	2.762515694	2.482401876	2.657429924	182.2013386	181.7633717	180.8443631	181.4186021	0	0	0	1	82	2
134	0.301595384	0.126782077	0	0	1	0	0	1	0	0	1.5645	0	37	31	22	18	2.834418784	2.730391255	2.445604687	2.62644383	181.9392742	181.5979766	180.6636374	181.2569417	0	0	1	0	83	2
138	0.087047354	0.137534819	0	0	1	0	0	1	0	0	0.1155	0.434	32	26	16	17	1.587681309	1.18988609	0.782888198	0.565600919	184.3189282	183.0138258	181.6785308	180.9656461	1	0	0	0	30	2
143	0.137534819	0.304665738	0	0	0	1	0	1	0	0	0	0	21	33	21	15	0.808468111	1.264433665	0.808468111	0.462072016	181.7624544	183.2584044	181.7624544	180.6259843	1	0	0	0	1	2
146	0.739137814	0.301595384	0	0	1	0	0	1	0	0	0	1.5645	39	37	18	22	2.614916532	2.834418784	2.00837175	2.445604687	181.2191225	181.9392742	179.2291462	180.6636374	0	0	1	0	161	2
147	0.720752089	0.304665738	0	0	1	0	0	1	0	0	0	1.5645	40	39	20	19	0.925072277	1.059306151	0.10401155	0.558193659	182.145014	182.5854139	179.4512452	180.941344	1	0	0	0	59	2
154	0.274528302	0.125471698	0	0	1	0	0	1	0	0	0.68	0.78	25	26	19	23	1.949143054	1.814530325	1.713387378	1.519305547	183.2848263	182.8431835	182.5113497	181.8745983	0	1	0	0	11	2
157	0.720752089	0.720752089	0	0	1	0	0	1	0	0	0	0	40	40	15	20	1.299872955	0.925072277	0.574885178	0.10401155	183.374675	182.145014	180.9961062	179.4512452	1	0	0	0	79	2
158	0.739137814	0.739137814	0	0	1	0	0	1	0	0	0	0	40	39	21	18	3.07373163	2.614916532	2.516968313	2.00837175	182.7244214	181.2191225	180.8977701	179.2291462	0	0	1	0	226	2
159	0.777830189	0.777830189	0	0	1	0	0	1	0	0	0	0	34	36	25	17	1.908525377	1.426577031	1.309685791	0.760689846	183.1515662	181.5703708	181.1868694	179.3857016	0	1	0	0	93	2
162	0.274528302	0.125471698	0	0	1	0	0	1	0	0	0	0	32	34	22	25	2.167814254	2.336270413	1.613889531	1.993988592	184.0022515	184.5549292	182.1849132	183.4319573	0	1	0	0	17	2
166	0.739137814	0.301595384	0	0	1	0	0	1	0	0	0.05	0.68	35	38	16	17	3.119460727	3.177331374	2.321901632	2.710482066	182.8744512	183.0643155	180.2577875	181.5326577	0	0	1	0	83	2
177	0.720752089	0.304665738	0	0	1	0	0	1	0	0	0.2765	0	40	36	20	17	1.270137638	1.603302494	1.06553595	1.128263146	183.2771182	184.3701788	182.6058529	182.8116507	1	0	0	0	56	2
184	0.304665738	0.137534819	0	0	1	0	0	0	1	0	0	0	36	36	14	31	1.106976472	1.127584407	0.223401269	0.567856992	182.7418126	182.8094239	179.8429438	180.9730479	1	0	0	0	10	2
192	0.741257056	0.741257056	0	0	1	0	0	1	0	0	0	0.2765	38	37	21	21	3.580303438	3.092838095	2.857784611	2.843091048	184.4464024	182.8471066	182.0759338	182.0277265	0	0	0	1	201	2
204	0.304665738	0.720752089	0	0	0	1	0	1	0	0	0.8715	0	19	37	17	14	1.629405059	1.838329379	1.53687773	0.938735432	184.4558171	185.1412644	184.1522498	182.1898407	1	0	0	0	2	2
210	0.125471698	0.072169811	0	0	1	0	0	1	0	0	0	0.427	26	28	20	28	1.296296815	1.820448684	0.787286052	1.736683461	181.1429423	182.8626007	179.4729595	182.5877804	0	1	0	0	13	2
213	0.137534819	0.304665738	0	0	0	0	1	0	1	0	0.4725	0.8715	20	19	20	17	1.360110539	1.629405059	1.360091891	1.53687773	183.5723049	184.4558171	183.5722437	184.1522498	1	0	0	0	2	2
224	0.072169811	0.125471698	0	0	1	0	0	0	0	1	0	0.4725	26	21	22	21	1.703263497	1.840133724	1.412753045	1.840133724	182.4781348	182.9271841	181.5250166	182.9271841	0	1	0	0	14	2
229	0.126782077	0.301595384	0	0	1	0	0	1	0	0	0.17	0	41	42	23	21	3.186837737	3.06807968	2.028990655	2.052625908	183.0955044	182.7058782	179.2967935	179.374337	0	0	1	0	54	2
232	0.741257056	0.298946716	0	0	1	0	0	1	0	0	0.0805	0	33	34	20	15	2.861836399	2.911602907	2.519989439	2.348215951	182.089227	182.252503	180.9676819	180.4041206	0	0	0	1	53	2
237	0.125471698	0.072169811	0	0	1	0	0	1	0	0	0	0	28	26	18	22	1.65932478	1.703263497	1.285787605	1.412753045	182.3339789	182.4781348	181.1084633	181.5250166	0	1	0	0	6	2
240	0.082484725	0.126782077	0	0	1	0	0	1	0	0	0	0.17	41	41	24	23	3.180238106	3.186837737	2.229986934	2.028990655	183.0738521	183.0955044	179.9562301	179.2967935	0	0	1	0	43	2
244	0.720752089	0.720752089	0	0	1	0	0	1	0	0	0.0455	0.0805	38	30	23	19	1.229409467	0.894590964	0.619969225	0.569777236	183.1434956	182.0450097	181.1440198	180.9793479	1	0	0	0	76	2
245	0.739137814	0.739137814	0	0	1	0	0	1	0	0	0.0455	0.0805	37	34	23	20	3.152150495	2.828264574	2.53920236	2.487899188	182.9817011	181.9190832	180.9707164	180.8023989	0	0	1	0	205	2
248	0.298946716	0.12632521	0	0	1	0	0	1	0	0	0	0	34	28	19	15	3.281954687	2.952804597	2.688650455	2.450351418	183.4675679	182.3876791	181.5210317	180.7392107	0	0	0	1	74	2
251	0.12632521	0.083471017	0	0	1	0	0	1	0	0	0	0	37	41	24	24	3.358961658	3.214727683	2.323134528	2.278555971	183.7202154	183.2470068	180.3218324	180.1755773	0	0	0	1	24	2
260	0.777830189	0.274528302	0	0	0	0	1	1	0	0	0	0	30	29	20	19	1.576166392	2.00658739	1.12588809	1.490027098	182.0611496	183.473292	180.5838586	181.7785403	0	1	0	0	39	2
261	0.720752089	0.304665738	0	0	0	0	1	1	0	0	0	0	30	36	9	21	1.000520434	1.39410548	0.546518041	1.184312523	182.3925474	183.6838369	180.9030382	182.9955398	1	0	0	0	30	2
262	0.298946716	0.12632521	0	0	0	1	0	1	0	0	0.06	0	37	37	22	24	3.07466692	3.358961658	2.762318934	2.323134528	182.7874899	183.7202154	181.7627262	180.3218324	0	0	0	1	14	2
263	0.301595384	0.126782077	0	0	0	1	0	1	0	0	0.06	0	37	36	22	24	3.021821317	3.325315366	2.720296215	2.27863365	182.5541119	183.5498273	181.5648563	180.1158322	0	0	1	0	18	2
266	0.125471698	0.274528302	0	0	1	0	0	1	0	0	0	0.098	34	36	26	23	2.222004366	2.147944568	1.550645528	1.122061444	184.1800406	183.9370622	181.9774197	180.5713039	0	1	0	0	18	2
267	0.126782077	0.301595384	0	0	1	0	0	1	0	0	0	0.098	37	40	24	23	3.305953316	3.38705558	2.459965994	2.294039876	183.4863035	183.7523871	180.7107546	180.1663775	0	0	1	0	42	2
268	0.137534819	0.304665738	0	0	1	0	0	1	0	0	0	0.098	36	42	26	22	1.692619796	1.509146709	1.134112363	0.512574592	184.6632146	184.0612687	182.8308411	180.7916752	1	0	0	0	20	2
269	0.777830189	0.777830189	0	0	0	1	0	0	0	1	0.4445	0	27	30	23	20	2.065486241	1.576166392	1.68651382	1.12588809	183.6665297	182.0611496	182.4231818	180.5838586	0	1	0	0	6	2
278	0.777830189	0.274528302	0	0	1	0	0	0	1	0	0.65	0.06	34	27	24	23	1.289046163	1.779749178	0.736169003	1.663529212	181.1191541	182.7290721	179.3052526	182.347773	0	1	0	0	31	2
286	0.301595384	0.739137814	0	0	1	0	0	0	1	0	0.49	0.4445	37	37	25	19	3.471357012	3.264201256	2.591566273	2.536195433	184.0289666	183.3493217	181.142514	180.9608512	0	0	1	0	45	2
288	0.298946716	0.12632521	0	0	1	0	0	1	0	0	0	0	28	25	14	16	3.307459076	3.313889804	2.696874299	2.857181292	183.5512437	183.5723419	181.5480128	182.0739544	0	0	0	1	21	2
290	0.301595384	0.126782077	0	0	1	0	0	1	0	0	0	0	29	25	15	16	3.279531477	3.294421705	2.670263872	2.821464512	183.3996177	183.4484702	181.4007082	181.8967733	0	0	1	0	23	2
294	0.741257056	0.741257056	0	0	0	1	0	1	0	0	0	0.65	27	41	19	18	2.195763065	2.606917758	1.657847879	2.086486928	179.9039471	181.2528798	178.1391335	179.5454296	0	0	0	1	35	2
298	0.125471698	0.072169811	0	0	1	0	0	1	0	0	0	0	34	35	22	23	1.758764486	1.758724437	1.100749389	1.422188329	182.6602247	182.6600933	180.5013825	181.5559722	0	1	0	0	22	2
302	0.126782077	0.301595384	0	0	1	0	0	1	0	0	0	0.49	31	37	21	25	3.552575257	3.471357012	3.060029848	2.591566273	184.2954306	184.0289666	182.679468	181.142514	0	0	1	0	5	2
305	0.777830189	0.274528302	0	0	1	0	0	1	0	0	0	0	20	28	17	13	1.763308797	2.022940668	1.496000136	1.186901138	182.6751338	183.5269444	181.7981369	180.7840326	0	1	0	0	7	2
306	0.739137814	0.301595384	0	0	1	0	0	1	0	0	0	0	27	29	7	15	3.034010527	3.279531477	2.79623378	2.670263872	182.5941028	183.3996177	181.8139953	181.4007082	0	0	1	0	39	2
311	0.298946716	0.12632521	0	0	1	0	0	1	0	0	0	0	35	34	17	19	3.152570005	2.998070644	2.809857046	2.374243033	183.0430774	182.5361898	181.9186911	180.4895113	0	0	0	1	56	2
312	0.301595384	0.126782077	0	0	1	0	0	1	0	0	0	0	35	33	17	20	3.119052955	2.948698415	2.774348633	2.337449082	182.8731134	182.3142074	181.7421937	180.3087962	0	0	1	0	56	2
325	0.777830189	0.274528302	0	0	1	0	0	1	0	0	0	0	34	31	18	17	1.876240597	1.90956609	1.339901714	1.590391354	183.045645	183.1549806	181.286003	182.1078194	0	1	0	0	56	2
333	0.301595384	0.739137814	1	0	1	0	0	1	0	0	0	0	33	35	16	9	2.954546706	2.686288328	2.835841673	2.098357381	182.3333947	181.4532819	181.9439425	179.5243746	0	0	1	0	50	2
349	0.126782077	0.082484725	0	0	1	0	0	1	0	0	0	1.59	32	34	18	23	3.002968015	3.265817624	2.632352484	2.457277847	182.4922573	183.3546247	181.276327	180.7019352	0	0	1	0	26	2
353	0.304665738	0.720752089	0	0	1	0	0	0	0	1	0.0105	0.0105	31	31	26	20	1.150115277	0.950149823	0.167821037	0.20569301	182.8833441	182.2272894	179.660594	179.7848458	1	0	0	0	9	2
354	0.301595384	0.739137814	0	0	1	0	0	0	0	1	0.0105	0.0105	34	33	23	20	2.986276479	2.920338606	1.975205057	2.046501173	182.437495	182.2211634	179.1203316	179.3542427	0	0	1	0	13	2
366	0.304665738	0.137534819	0	0	1	0	0	1	0	0	0	0	36	29	15	23	0.879515979	0.929745335	0.534393334	0.826131982	181.9955511	182.1603456	180.863259	181.8204068	1	0	0	0	23	2
373	0.739137814	0.739137814	0	0	0	1	0	0	0	1	1.351	0	17	29	15	14	2.688464855	2.630006996	2.217017539	2.390612523	181.4604228	181.2686319	179.9136796	180.4832169	0	0	1	0	12	2
374	0.741257056	0.741257056	0	0	0	1	0	0	0	1	1.351	0	17	28	14	14	2.719345267	2.675111412	2.248702538	2.423081389	181.6217364	181.4766122	180.077633	180.6497421	0	0	0	1	13	2
378	0.126782077	0.082484725	0	0	1	0	0	1	0	0	0.3465	0	31	34	21	21	3.273675142	3.004010803	1.980712276	1.903475874	183.380404	182.4956785	179.1383999	178.8849996	0	0	1	0	9	2
384	0.072169811	0.125471698	0	0	1	0	0	1	0	0	0.098	0.098	39	36	22	26	1.904939368	1.811057413	1.046503845	0.913392289	183.1398011	182.8317894	180.3234116	179.8866939	0	1	0	0	24	2
385	0.082484725	0.126782077	0	0	1	0	0	1	0	0	0.098	0.098	42	39	22	24	3.096699842	3.02503735	2.302752023	2.153147646	182.7997764	182.5646632	180.1949607	179.7041327	0	0	1	0	87	2
386	0.298946716	0.741257056	0	0	0	0	1	0	1	0	0.1785	1.351	24	17	20	14	3.393853302	2.719345267	3.336342878	2.248702538	183.8346893	181.6217364	183.6460068	180.077633	0	0	0	1	10	2
387	0.274528302	0.777830189	0	0	0	0	1	0	1	0	0.1785	1.351	26	16	25	14	2.419882167	1.601480842	2.383848175	1.256354873	184.829246	182.1442022	184.7110242	181.0118992	0	1	0	0	2	2
393	0.777830189	0.777830189	0	0	1	0	0	1	0	0	0	0	34	33	19	18	1.933567958	1.594267454	1.3858196	1.35877078	183.2337269	182.1205363	181.4366522	181.3479094	0	1	0	0	53	2
397	0.126782077	0.082484725	0	0	0	1	0	1	0	0	0	0.098	32	42	23	22	2.620738896	3.096699842	1.774175877	2.302752023	181.2382247	182.7997764	178.460787	180.1949607	0	0	1	0	12	2
398	0.12632521	0.083471017	0	0	0	1	0	1	0	0	0	0.098	32	42	23	22	2.664369317	3.129231397	1.821782263	2.352524634	181.4413692	182.9665072	178.6769759	180.4182567	0	0	0	1	12	2
401	0.125471698	0.274528302	0	0	0	1	0	0	0	1	0	0.1785	31	26	26	25	2.24871576	2.419882167	2.167412281	2.383848175	184.2676764	184.829246	184.0009327	184.7110242	0	1	0	0	4	2
402	0.12632521	0.298946716	0	0	0	1	0	0	0	1	0	0.1785	32	24	17	20	3.307909765	3.393853302	3.049374572	3.336342878	183.5527223	183.8346893	182.7045098	183.6460068	0	0	0	1	14	2
404	0.741257056	0.298946716	0	0	1	0	0	1	0	0	0	0.098	34	34	17	16	3.24291491	3.473581241	2.353281666	2.421559934	183.3394846	184.0962639	180.4207404	180.6447504	0	0	0	1	142	2
405	0.739137814	0.301595384	0	0	1	0	0	1	0	0	0	0.098	35	34	17	16	3.211571789	3.443161694	2.323050022	2.390341287	183.1766529	183.9364623	180.2615552	180.4823271	0	0	1	0	141	2
409	0.298946716	0.741257056	0	0	1	0	0	1	0	0	0	0	38	35	23	19	3.041232418	3.373803664	2.516883412	2.666568957	182.6777966	183.7689097	180.9574915	181.4485858	0	0	0	1	45	2
415	0.741257056	0.741257056	0	0	0	1	0	1	0	0	0.0105	0	22	34	15	17	3.090686361	3.24291491	2.408026422	2.353281666	182.8400471	183.3394846	180.6003492	180.4207404	0	0	0	1	17	2
4	0.741257056	0.298946716	0	0	1	0	0	1	0	0	0	0.595	38	39	18	20	3.070234777	3.184551032	2.476256428	2.430659558	182.7729487	183.1480021	180.8242009	180.6746048	0	0	0	1	162	3
7	0.087047354	0.137534819	0	0	0	1	0	0	1	0	0.6055	0	25	30	22	17	1.986877429	1.739285681	1.618968984	1.553715506	185.6286267	184.8163179	184.421578	184.2074918	1	0	0	0	2	3
17	0.741257056	0.741257056	0	0	1	0	0	1	0	0	0.0105	0	35	38	16	18	2.922507126	3.070234777	2.473029555	2.476256428	182.288278	182.7729487	180.813614	180.8242009	0	0	0	1	181	3
22	0.126782077	0.301595384	0	0	0	1	0	0	1	0	1.379	0.3395	17	14	12	13	3.386349083	2.768867592	3.122378524	2.74155607	183.7500692	181.7242113	182.884024	181.6346065	0	0	1	0	6	3
28	0.298946716	0.741257056	0	0	1	0	0	1	0	0	0	0.0105	36	35	25	16	3.072971396	2.922507126	2.453176073	2.473029555	182.7819272	182.288278	180.7484779	180.813614	0	0	0	1	57	3
29	0.274528302	0.777830189	0	0	1	0	0	1	0	0	0	0.0105	36	34	31	23	1.476135973	1.50456419	1.165078732	1.156579454	181.7329658	181.8262342	180.7124368	180.684552	0	1	0	0	12	3
32	0.298946716	0.12632521	0	0	1	0	0	1	0	0	0	0.3815	35	34	17	17	3.438556459	3.472499789	3.016885529	3.064422319	183.9813532	184.0927158	182.5979184	182.753879	0	0	0	1	147	3
33	0.301595384	0.126782077	0	0	1	0	0	1	0	0	0	0.3815	35	34	16	17	3.408007068	3.439300503	2.941362565	3.03295606	183.8211256	183.9237943	182.2901396	182.5906432	0	0	1	0	152	3
46	0.741257056	0.298946716	1	0	0	1	0	1	0	0	0	0	25	35	16	17	3.192447592	3.438556459	2.409702681	3.016885529	183.1739094	183.9813532	180.6058487	182.5979184	0	0	0	1	34	3
47	0.720752089	0.304665738	1	0	0	1	0	1	0	0	0	0	24	37	18	18	1.431125248	1.775868444	1.119155307	1.629526016	183.8052928	184.93634	182.7817694	184.456214	1	0	0	0	12	3
54	0.301595384	0.126782077	0	0	1	0	0	1	0	0	0	0	39	39	21	21	3.128691431	3.228523031	2.803823235	2.532484349	182.9047357	183.2322672	181.8388951	180.9486757	0	0	1	0	41	3
62	0.777830189	0.777830189	0	1	1	0	0	0	1	0	0.133	0	32	22	22	18	2.046159599	2.092867859	1.584116946	1.73301591	183.603122	183.7563644	182.0872341	182.5757477	0	1	0	0	107	3
66	0.274528302	0.125471698	0	0	1	0	0	1	0	0	0	0	29	17	20	14	2.056151846	2.169908846	1.807534118	1.64197782	183.635905	184.0091235	182.82023	182.2770663	0	1	0	0	15	3
68	0.777830189	0.274528302	0	0	1	0	0	1	0	0	0	0	35	29	18	24	1.477326245	1.84439508	0.932767974	1.52719818	181.7368709	182.941165	179.9502624	181.9004927	0	1	0	0	67	3
69	0.739137814	0.301595384	0	0	1	0	0	1	0	0	0	0	41	39	16	21	2.803237304	3.128691431	2.226836599	2.803823235	181.8369728	182.9047357	179.9458944	181.8388951	0	0	1	0	191	3
73	0.125471698	0.072169811	0	0	1	0	0	1	0	0	0	0.8015	33	35	23	23	1.835504494	1.708115242	0.934475777	0.781438793	182.9119964	182.4940526	179.9558654	179.4537756	0	1	0	0	16	3
76	0.304665738	0.720752089	0	0	1	0	0	1	0	0	0	0.133	36	36	16	16	1.727068723	1.60835954	0.678021432	1.01127198	184.776236	184.3867701	181.3344798	182.4278215	1	0	0	0	22	3
77	0.274528302	0.777830189	0	0	1	0	0	1	0	0	0	0.133	35	32	25	22	2.392112743	2.046159599	1.614747816	1.584116946	184.7381389	183.603122	182.1877291	182.0872341	0	1	0	0	22	3
81	0.777830189	0.274528302	0	0	1	0	0	1	0	0	0	0	24	29	20	20	2.140983188	2.056151846	1.572183543	1.807534118	183.9142231	183.635905	182.0480825	182.82023	0	1	0	0	16	3
90	0.125471698	0.274528302	0	0	1	0	0	1	0	0	0	0	32	35	22	25	2.07259311	2.392112743	1.385936139	1.614747816	183.6898462	184.7381389	181.4370346	182.1877291	0	1	0	0	6	3
91	0.12632521	0.298946716	0	0	1	0	0	1	0	0	0	0	30	37	21	25	2.749929851	3.579540358	2.539306745	2.858481989	181.7220796	184.4438988	181.0310589	182.0782217	0	0	0	1	10	3
92	0.137534819	0.304665738	0	0	1	0	0	1	0	0	0	0	29	36	24	16	1.065706787	1.727068723	0.653831153	0.678021432	182.6064133	184.776236	181.2551153	181.3344798	1	0	0	0	5	3
96	0.739137814	0.739137814	0	0	1	0	0	1	0	0	0	0	30	29	9	17	3.183426432	3.334996867	2.880117714	2.585228269	183.0843124	183.5815908	182.0892051	181.12172	0	0	1	0	139	3
103	0.777830189	0.274528302	0	0	1	0	0	1	0	0	0	0	31	33	19	17	1.434933044	2.129448206	1.204983196	1.35558994	181.5977856	183.8763786	180.8433569	181.3374736	0	1	0	0	41	3
106	0.083471017	0.12632521	0	0	0	0	1	1	0	0	0.854	0	36	30	23	21	3.136858017	2.749929851	2.322567905	2.539306745	182.9915289	181.7220796	180.3199734	181.0310589	0	0	0	1	23	3
107	0.082484725	0.126782077	0	0	0	0	1	1	0	0	0.854	0	35	30	23	21	3.104563787	2.717647998	2.294964601	2.507156486	182.8255767	181.556168	180.1694114	180.865579	0	0	1	0	21	3
110	0.304665738	0.720752089	0	0	1	0	0	1	0	0	0	0	24	31	17	12	1.443527202	1.185805826	1.024291439	0.98405613	183.8459816	183.0004391	182.4705362	182.3385306	1	0	0	0	7	3
113	0.12632521	0.298946716	0	1	1	0	0	1	0	0	0	0	43	43	24	18	3.306421883	2.787175744	2.144817013	1.833835282	183.5478408	181.8442774	179.7368012	178.71652	0	0	0	1	36	3
117	0.777830189	0.777830189	0	0	1	0	0	1	0	0	0	0	32	31	22	19	1.5061781	1.434933044	0.847830245	1.204983196	181.8315292	181.5977856	179.6715953	180.8433569	0	1	0	0	73	3
121	0.12632521	0.083471017	0	0	1	0	0	0	0	1	0	0.854	30	36	17	23	2.762515694	3.136858017	2.657429924	2.322567905	181.7633717	182.9915289	181.4186021	180.3199734	0	0	0	1	37	3
131	0.301595384	0.739137814	0	0	1	0	0	1	0	0	0	0	34	37	25	18	3.065274748	2.844326919	2.351827919	2.086632123	182.6966757	181.9717812	180.3559709	179.4859059	0	0	1	0	42	3
135	0.304665738	0.137534819	0	0	1	0	0	1	0	0	1.5645	0	39	31	19	22	1.059306151	1.062063647	0.558193659	0.760347527	182.5854139	182.5944608	180.941344	181.6045785	1	0	0	0	37	3
139	0.083471017	0.12632521	0	0	1	0	0	1	0	0	0.1155	0.434	32	29	16	17	3.026210815	2.996035259	2.478665826	2.271069412	182.6285132	182.529512	180.8321057	180.1510151	0	0	0	1	29	3
141	0.125471698	0.072169811	0	0	1	0	0	1	0	0	0.78	0	26	39	23	28	1.814530325	1.998732169	1.519305547	1.200717342	182.8431835	183.4475202	181.8745983	180.8293614	0	1	0	0	5	3
142	0.126782077	0.082484725	0	0	1	0	0	1	0	0	0.78	0	26	39	24	22	3.048819741	3.310349588	2.822953141	2.46860144	182.6426894	183.500727	181.9016573	180.7390861	0	0	1	0	5	3
163	0.298946716	0.12632521	0	0	1	0	0	1	0	0	0	0	35	36	19	25	3.33829562	3.421038144	2.626496866	2.879330802	183.6524135	183.9238784	181.3171157	182.1466234	0	0	0	1	39	3
170	0.137534819	0.087047354	0	0	0	1	0	1	0	0	0	0.92	36	20	31	20	1.127584407	0.687233742	0.567856992	0.687233742	182.8094239	181.3647039	180.9730479	181.3647039	1	0	0	0	13	3
174	0.298946716	0.741257056	0	0	1	0	0	1	0	0	0	0	38	40	24	21	3.480030888	3.105206361	2.488131071	2.550835905	184.1174242	182.8876849	180.8631597	181.0688842	0	0	0	1	23	3
178	0.739137814	0.301595384	0	0	1	0	0	1	0	0	0.2765	0	37	35	21	19	3.06283534	3.30514367	2.811757256	2.600775344	182.6886724	183.4836472	181.8649254	181.1727275	0	0	1	0	97	3
185	0.274528302	0.125471698	0	0	1	0	0	0	1	0	0	0	36	35	28	21	1.64084259	1.856126343	0.886654653	1.047838514	182.2733418	182.9796534	179.798972	180.3277904	0	1	0	0	21	3
189	0.126782077	0.301595384	0	0	1	0	0	1	0	0	0.07	0	30	38	28	25	3.107587511	3.447614124	2.950862875	2.451989952	182.8354971	183.95107	182.3213086	180.6845865	0	0	1	0	2	3
193	0.720752089	0.720752089	0	0	1	0	0	1	0	0	0	0.2765	37	40	14	20	1.838329379	1.270137638	0.938735432	1.06553595	185.1412644	183.2771182	182.1898407	182.6058529	1	0	0	0	50	3
198	0.741257056	0.298946716	0	0	1	0	0	1	0	0	0	0	38	37	20	21	3.059742312	3.026352499	2.425816421	2.155879267	182.7385246	182.628978	180.6587153	179.7730947	0	0	0	1	100	3
199	0.720752089	0.304665738	0	0	1	0	0	1	0	0	0	0	37	36	19	14	1.147051251	1.106976472	0.403514403	0.223401269	182.8732915	182.7418126	180.4338662	179.8429438	1	0	0	0	40	3
203	0.072169811	0.125471698	0	0	1	0	0	1	0	0	0.427	0.07	28	30	28	30	1.820448684	1.681008499	1.736683461	1.681008499	182.8626007	182.4051197	182.5877804	182.4051197	0	1	0	0	3	3
211	0.126782077	0.082484725	0	0	1	0	0	1	0	0	0	0.427	36	31	14	21	2.5801948	3.093001054	2.025926882	2.980893617	181.105206	182.7876413	179.2867417	182.4198347	0	0	1	0	51	3
212	0.12632521	0.083471017	0	0	1	0	0	1	0	0	0	0.427	36	32	14	20	2.611847796	3.124378228	2.056347873	2.994215679	181.2690544	182.9505847	179.4465481	182.5235423	0	0	0	1	52	3
217	0.301595384	0.739137814	0	0	1	0	0	1	0	0	0	0.48	42	41	21	21	3.06807968	3.084455746	2.052625908	2.140189292	182.7058782	182.7596055	179.374337	179.6616184	0	0	1	0	65	3
225	0.082484725	0.126782077	0	0	1	0	0	0	0	1	0	0.4725	30	23	17	23	2.862011502	2.721325341	2.440648109	2.679157409	182.0298015	181.5682327	180.6473757	181.4298865	0	0	1	0	20	3
233	0.777830189	0.274528302	0	0	1	0	0	1	0	0	0.0805	0	28	33	19	19	1.562725413	1.637724439	1.226794633	1.04556573	182.0170519	182.2631117	180.9149168	180.3203338	0	1	0	0	18	3
241	0.072169811	0.125471698	0	0	1	0	0	1	0	0	0	0.17	35	37	22	29	2.032854558	1.966052162	1.050675408	1.090061992	183.5594703	183.3403024	180.3370978	180.4663189	0	1	0	0	19	3
249	0.301595384	0.126782077	0	0	1	0	0	1	0	0	0	0	34	28	19	15	3.251740837	2.921711535	2.657590928	2.421778187	183.3084411	182.2256678	181.3591303	180.5854665	0	0	1	0	75	3
252	0.126782077	0.082484725	0	0	1	0	0	1	0	0	0	0	36	41	24	24	3.325315366	3.180238106	2.27863365	2.229986934	183.5498273	183.0738521	180.1158322	179.9562301	0	0	1	0	21	3
253	0.137534819	0.087047354	0	0	1	0	0	1	0	0	0	0	32	28	32	23	0.834039772	0.553300968	0.834039772	0.260034251	181.846351	180.9252919	181.846351	179.9631307	1	0	0	0	1	3
257	0.304665738	0.720752089	0	0	1	0	0	1	0	0	0.098	0.0455	42	38	22	23	1.509146709	1.229409467	0.512574592	0.619969225	184.0612687	183.1434956	180.7916752	181.1440198	1	0	0	0	24	3
264	0.274528302	0.125471698	0	0	0	1	0	1	0	0	0.06	0	27	34	23	30	1.779749178	1.630871346	1.663529212	1.172644525	182.7290721	182.2406278	182.347773	180.7372589	0	1	0	0	4	3
270	0.720752089	0.720752089	0	0	0	1	0	0	0	1	0.4445	0	38	30	21	9	1.45188286	1.000520434	0.905714346	0.546518041	183.8733952	182.3925474	182.0815038	180.9030382	1	0	0	0	10	3
271	0.739137814	0.739137814	0	0	0	1	0	0	0	1	0.4445	0	37	29	19	12	3.264201256	2.763158924	2.536195433	2.314812987	183.3493217	181.705482	180.9608512	180.2345308	0	0	1	0	34	3
272	0.741257056	0.741257056	0	0	0	1	0	0	0	1	0.4445	0	37	29	19	12	3.294623023	2.792597942	2.562106048	2.34592953	183.5091307	181.8620667	181.1058597	180.3966192	0	0	0	1	36	3
276	0.137534819	0.137534819	0	0	1	0	0	1	0	0	0	0	25	25	15	15	1.461097764	1.461097764	1.108674406	1.108674406	183.9036278	183.9036278	182.7473832	182.7473832	1	0	0	0	2	3
279	0.741257056	0.298946716	0	0	1	0	0	0	1	0	0.65	0.06	41	37	18	22	2.606917758	3.07466692	2.086486928	2.762318934	181.2528798	182.7874899	179.5454296	181.7627262	0	0	0	1	133	3
281	0.083471017	0.12632521	0	0	1	0	0	1	0	0	0	0	36	37	22	24	2.900873242	3.337190519	2.643490558	2.500939189	182.2173007	183.6487878	181.3728693	180.9051811	0	0	0	1	44	3
282	0.082484725	0.126782077	0	0	1	0	0	1	0	0	0	0	35	37	23	24	2.872804989	3.305953316	2.609507945	2.459965994	182.0652132	183.4863035	181.2013778	180.7107546	0	0	1	0	44	3
283	0.087047354	0.137534819	0	0	1	0	0	1	0	0	0	0	32	36	19	26	1.161461825	1.692619796	0.784674776	1.134112363	182.9205703	184.6632146	181.6843923	182.8308411	1	0	0	0	27	3
287	0.298946716	0.741257056	0	0	1	0	0	0	1	0	0.49	0.4445	38	37	24	19	3.499792373	3.294623023	2.618342235	2.562106048	184.1822584	183.5091307	181.2903617	181.1058597	0	0	0	1	46	3
291	0.304665738	0.137534819	0	0	1	0	0	1	0	0	0	0	26	25	12	15	1.433024494	1.461097764	0.607174629	1.108674406	183.8115239	183.9036278	181.1020427	182.7473832	1	0	0	0	15	3
295	0.777830189	0.777830189	0	0	0	1	0	1	0	0	0	0.65	27	34	18	24	0.862639199	1.289046163	0.510972177	0.736169003	179.7201811	181.1191541	178.5664179	179.3052526	0	1	0	0	7	3
299	0.137534819	0.087047354	0	0	1	0	0	1	0	0	0	0	32	32	18	19	1.079612412	1.161461825	0.426648343	0.784674776	182.6520355	182.9205703	180.5097649	181.6843923	1	0	0	0	22	3
310	0.274528302	0.777830189	0	0	1	0	0	0	1	0	0.03	0	36	27	24	18	1.956482716	0.862639199	0.831104398	0.510972177	183.3089065	179.7201811	179.6167205	178.5664179	0	1	0	0	13	3
313	0.274528302	0.125471698	0	0	1	0	0	1	0	0	0	0	31	34	17	22	1.90956609	1.758764486	1.590391354	1.100749389	183.1549806	182.6602247	182.1078194	180.5013825	0	1	0	0	11	3
314	0.304665738	0.137534819	0	0	1	0	0	1	0	0	0	0	35	32	16	18	1.236156482	1.079612412	0.858029105	0.426648343	183.1656315	182.6520355	181.9250561	180.5097649	1	0	0	0	29	3
316	0.082484725	0.126782077	0	0	1	0	0	1	0	0	0.1505	0	30	31	17	21	3.566580557	3.552575257	3.250446547	3.060029848	184.3413798	184.2954306	183.3041947	182.679468	0	0	1	0	20	3
320	0.741257056	0.741257056	0	0	1	0	0	1	0	0	0	0	35	27	9	6	2.714176734	3.061036806	2.127879256	2.821825689	181.6047793	182.7427717	179.6812312	181.9579583	0	0	0	1	173	3
326	0.741257056	0.298946716	0	0	1	0	0	1	0	0	0	0	36	35	17	17	3.151591352	3.152570005	2.545503467	2.809857046	183.0398666	183.0430774	181.0513893	181.9186911	0	0	0	1	201	3
329	0.126782077	0.082484725	0	0	1	0	0	1	0	0	0	0.1505	34	30	21	17	3.459496118	3.566580557	3.222010924	3.250446547	183.9900529	184.3413798	183.210902	183.3041947	0	0	1	0	32	3
338	0.720752089	0.720752089	0	0	0	0	1	1	0	0	0.0105	0	31	33	20	16	0.950149823	1.188346648	0.20569301	0.582035097	182.2272894	183.0087751	179.7848458	181.019564	1	0	0	0	69	3
339	0.739137814	0.739137814	0	0	0	0	1	1	0	0	0.0105	0	33	35	20	17	2.920338606	3.12084049	2.046501173	2.507359678	182.2211634	182.878978	179.3542427	180.8662457	0	0	1	0	77	3
347	0.126782077	0.301595384	0	1	1	0	0	1	0	0	0	0	33	33	20	16	2.965856499	2.954546706	2.558871897	2.835841673	182.3705003	182.3333947	181.035249	181.9439425	0	0	1	0	13	3
350	0.125471698	0.072169811	0	0	1	0	0	1	0	0	0	1.59	33	30	25	25	1.776687045	2.136334907	1.460129384	1.652078542	182.7190257	183.8989728	181.6804507	182.3102052	0	1	0	0	6	3
351	0.12632521	0.083471017	0	0	1	0	0	1	0	0	0	1.59	32	36	23	23	3.038798194	3.298620774	2.670799355	2.495940458	182.6698103	183.5222466	181.4624651	180.888781	0	0	0	1	17	3
355	0.298946716	0.741257056	0	0	1	0	0	0	0	1	0.0105	0.0105	34	33	22	20	3.034399836	2.954810426	2.017592569	2.089029048	182.65538	182.3942599	179.3193982	179.5537698	0	0	0	1	13	3
359	0.739137814	0.301595384	0	0	0	0	1	0	1	0	0	0.035	29	33	14	17	2.630006996	3.568158676	2.390612523	2.833028183	181.2686319	184.3465573	180.4832169	181.9347119	0	0	1	0	87	3
363	0.083471017	0.12632521	0	0	1	0	0	1	0	0	0	0	33	32	21	20	3.037370333	3.000889908	1.932762042	2.588943131	182.6651258	182.5454393	179.0410828	181.1939079	0	0	0	1	15	3
367	0.298946716	0.12632521	0	0	1	0	0	1	0	0	0	0	37	32	17	23	2.789907663	3.038798194	2.544477796	2.670799355	181.8532404	182.6698103	181.0480243	181.4624651	0	0	0	1	64	3
369	0.125471698	0.274528302	0	0	1	0	0	1	0	0	0.098	0.0105	36	31	26	25	1.811057413	1.786090279	0.913392289	0.743119602	182.8317894	182.7498762	179.8866939	179.3280564	0	1	0	0	17	3
370	0.12632521	0.298946716	0	0	1	0	0	1	0	0	0.098	0.0105	39	34	24	22	3.065063759	3.034399836	2.193909117	2.017592569	182.7559835	182.65538	179.8978646	179.3193982	0	0	0	1	26	3
371	0.137534819	0.304665738	0	0	1	0	0	1	0	0	0.098	0.0105	39	31	28	26	1.158493223	1.150115277	0.459525759	0.167821037	182.9108308	182.8833441	180.6176304	179.660594	1	0	0	0	11	3
381	0.739137814	0.301595384	0	0	1	0	0	1	0	0	0	0	35	39	17	17	2.968874448	2.81802452	2.686544347	2.511283503	182.3804017	181.8854873	181.4541219	180.8791191	0	0	1	0	147	3
388	0.301595384	0.739137814	0	0	0	0	1	0	1	0	0.1785	1.351	25	17	21	15	3.367613507	2.688464855	3.311629497	2.217017539	183.6886007	181.4604228	183.5049262	179.9136796	0	0	1	0	10	3
394	0.739137814	0.739137814	0	0	1	0	0	1	0	0	0	0	36	35	19	17	3.37839498	2.968874448	2.676822234	2.686544347	183.723973	182.3804017	181.4222252	181.4541219	0	0	1	0	198	3
395	0.741257056	0.741257056	0	0	1	0	0	1	0	0	0	0	35	35	19	17	3.373803664	2.92854893	2.666568957	2.661037208	183.7689097	182.3081002	181.4485858	181.430437	0	0	0	1	204	3
406	0.720752089	0.304665738	0	0	1	0	0	1	0	0	0	0.098	34	35	16	17	1.350883793	1.580575545	0.429431408	0.489193336	183.5420334	184.2956153	180.5188957	180.714965	1	0	0	0	67	3
411	0.298946716	0.12632521	0	0	1	0	0	0	1	0	0.595	0	39	32	20	23	3.184551032	2.664369317	2.430659558	1.821782263	183.1480021	181.4413692	180.6746048	178.6769759	0	0	0	1	98	3
412	0.301595384	0.126782077	0	0	1	0	0	0	1	0	0.595	0	39	32	20	23	3.144095593	2.620738896	2.386582123	1.774175877	182.9552743	181.2382247	180.4699938	178.460787	0	0	1	0	96	3
416	0.777830189	0.777830189	0	0	0	1	0	1	0	0	0.0105	0	22	33	20	27	1.286794385	1.975840064	1.110476337	1.038961684	181.1117664	183.3724149	180.5332951	180.2986669	0	1	0	0	6	3
