No 	 index 	 actual outputs 			 predictions 
 1 396         1.00000        0.99200 
 2 82         1.00000        6.75159 
 3 100         1.00000        2.18833 
 4 12         2.00000        0.15093 
 5 1         2.00000        8.25407 
 6 190         2.00000        1.46168 
 7 32         3.00000        6.82693 
 8 149         3.00000        8.35550 
 9 8         4.00000       10.27936 
 10 83         4.00000        3.92765 
 11 412         5.00000        2.16134 
 12 6         5.00000        3.00573 
 13 7         9.00000        8.30116 
 14 35         9.00000        9.66134 
 15 37        11.00000        8.62525 
 16 39        12.00000       12.92713 
 17 185        12.00000        7.53674 
 18 336        15.00000       15.56245 
 19 186        15.00000       10.38306 
 20 3        19.00000       13.15794 
 21 33        23.00000       22.18318 
 22 397        24.00000       25.51543 
 23 337        32.00000       33.91585 
 24 282        36.00000       41.22397 
 25 150        36.00000       36.75438 
 26 281        38.00000       38.38877 
 27 411        46.00000       40.14975 
 28 38        59.00000       58.35756 
 29 184        75.00000       74.81706 
 30 40        80.00000       79.67056 
 31 4        91.00000       90.94790 
 32 296       196.00000      195.98146 
 33 295       209.00000      210.03162 
 34 234       239.00000      239.44128 
 35 209         1.00000        7.71308 
 36 85         1.00000        0.08150 
 37 75         1.00000        4.94386 
 38 76         1.00000        0.76096 
 39 283         2.00000        2.25183 
 40 315         2.00000        2.73442 
 41 356         2.00000        5.55431 
 42 24         2.00000        0.09469 
 43 36         2.00000        1.47540 
 44 120         2.00000        2.07754 
 45 68         3.00000        8.75803 
 46 96         3.00000       13.00050 
 47 89         3.00000        5.71119 
 48 304         4.00000        8.21104 
 49 154         4.00000        9.93001 
 50 127         4.00000        8.59541 
 51 121         4.00000       14.78744 
 52 222         5.00000        8.00036 
 53 230         5.00000        6.31604 
 54 48         5.00000        9.16222 
 55 87         5.00000        8.23308 
 56 187         5.00000        4.88652 
 57 203         6.00000        4.76697 
 58 13         6.00000       16.51014 
 59 114         6.00000       10.87395 
 60 180         6.00000       12.91748 
 61 126         6.00000        8.41172 
 62 302         7.00000       11.66802 
 63 49         7.00000        7.68446 
 64 17         7.00000       13.06327 
 65 91         7.00000       11.29492 
 66 204         8.00000       12.84947 
 67 14         8.00000       18.54971 
 68 198         9.00000        6.53943 
 69 27         9.00000        8.63005 
 70 311        10.00000       14.45822 
 71 341        10.00000        0.12074 
 72 349        10.00000       14.65625 
 73 318        10.00000       18.58208 
 74 30        10.00000       18.55556 
 75 63        11.00000       19.90170 
 76 188        11.00000        5.11464 
 77 259        12.00000       17.70723 
 78 227        12.00000        9.54388 
 79 323        12.00000        7.76899 
 80 153        12.00000       10.73778 
 81 178        12.00000        7.74591 
 82 115        12.00000       15.60254 
 83 369        13.00000       27.41485 
 84 196        13.00000       16.56592 
 85 69        13.00000        3.29666 
 86 172        13.00000       12.61594 
 87 106        13.00000       21.39847 
 88 392        14.00000       30.26487 
 89 342        14.00000       15.46952 
 90 31        14.00000       21.78702 
 91 157        14.00000       21.15289 
 92 119        14.00000        0.61299 
 93 110        14.00000       12.86131 
 94 310        15.00000       18.76266 
 95 28        15.00000       20.99292 
 96 21        15.00000       26.04251 
 97 179        15.00000       20.37200 
 98 102        15.00000       24.67908 
 99 44        16.00000       14.71740 
 100 174        16.00000       17.83924 
 101 201        17.00000       18.44605 
 102 217        17.00000       19.31663 
 103 398        17.00000       17.17205 
 104 147        17.00000       15.91063 
 105 279        18.00000       29.74383 
 106 140        18.00000       12.01929 
 107 112        18.00000       22.75686 
 108 139        19.00000       24.60355 
 109 116        19.00000       23.82080 
 110 329        20.00000       28.79361 
 111 56        20.00000       19.36065 
 112 237        21.00000       33.23287 
 113 405        21.00000       37.32782 
 114 305        21.00000       28.41922 
 115 117        21.00000       30.65970 
 116 377        22.00000       24.21601 
 117 58        22.00000       15.05133 
 118 26        22.00000       23.62648 
 119 125        22.00000       28.23454 
 120 355        23.00000       36.04733 
 121 244        23.00000        9.06261 
 122 141        23.00000        8.64660 
 123 357        24.00000       17.19322 
 124 55        24.00000       15.77823 
 125 148        24.00000       23.78426 
 126 72        25.00000       27.12925 
 127 285        26.00000       32.83853 
 128 242        27.00000       45.39861 
 129 51        28.00000       36.43105 
 130 211        29.00000       39.10888 
 131 212        29.00000       41.95670 
 132 59        29.00000       33.54604 
 133 325        30.00000       37.62853 
 134 19        30.00000       32.53884 
 135 170        31.00000       36.36901 
 136 5        32.00000       38.01009 
 137 34        32.00000       39.58212 
 138 346        34.00000       39.45877 
 139 297        35.00000       41.92442 
 140 233        35.00000       40.85489 
 141 410        36.00000       44.23694 
 142 252        36.00000       33.54392 
 143 118        36.00000       40.80511 
 144 351        37.00000       45.05710 
 145 319        37.00000       27.15539 
 146 45        37.00000       37.33232 
 147 16        38.00000       42.81041 
 148 306        39.00000       45.00471 
 149 344        39.00000       47.05429 
 150 365        40.00000       35.49252 
 151 298        41.00000       51.81870 
 152 98        41.00000       48.57811 
 153 270        42.00000       51.41125 
 154 383        42.00000       38.13787 
 155 290        42.00000       48.58400 
 156 145        42.00000       42.86867 
 157 404        43.00000       45.58907 
 158 213        43.00000       50.00628 
 159 390        44.00000       47.82387 
 160 251        44.00000       40.06108 
 161 378        44.00000       50.76994 
 162 265        45.00000       48.37381 
 163 266        46.00000       51.78433 
 164 104        46.00000       45.39023 
 165 403        47.00000       47.46260 
 166 225        48.00000       50.43660 
 167 65        49.00000       53.71199 
 168 195        50.00000       54.94723 
 169 362        50.00000       52.52579 
 170 308        51.00000       54.28110 
 171 406        51.00000       50.71876 
 172 245        51.00000       54.16842 
 173 360        53.00000       59.33472 
 174 276        54.00000       55.04661 
 175 249        55.00000       57.61010 
 176 366        56.00000       59.29597 
 177 144        56.00000       60.71009 
 178 388        58.00000       64.41836 
 179 385        61.00000       69.84431 
 180 286        62.00000       69.70923 
 181 73        63.00000       68.56309 
 182 275        65.00000       72.59857 
 183 348        66.00000       79.53317 
 184 80        67.00000       76.06662 
 185 182        67.00000       71.23042 
 186 61        69.00000       78.52986 
 187 152        71.00000       80.86969 
 188 235        72.00000       80.58600 
 189 175        72.00000       75.54368 
 190 331        74.00000       77.83794 
 191 272        76.00000       74.95090 
 192 54        76.00000       79.45691 
 193 92        77.00000       80.70198 
 194 47        79.00000       85.63957 
 195 239        83.00000       87.71398 
 196 359        84.00000       89.88646 
 197 246        85.00000       90.34765 
 198 258        87.00000       93.26751 
 199 339        87.00000       92.44310 
 200 66        94.00000       97.91113 
 201 260        96.00000       98.59089 
 202 373        98.00000      100.83135 
 203 386       100.00000      100.21371 
 204 124       107.00000      106.87974 
 205 219       115.00000      114.56215 
 206 393       133.00000      134.55719 
 207 280       139.00000      143.74848 
 208 313       142.00000      146.91946 
 209 273       143.00000      148.83937 
 210 287       147.00000      150.51185 
 211 261       151.00000      149.78705 
 212 240       161.00000      158.66833 
 213 353       165.00000      163.17716 
 214 268       172.00000      170.68544 
 215 307       173.00000      174.07393 
 216 375       181.00000      186.93616 
 217 269       185.00000      188.89662 
 218 294       191.00000      194.07002 
 219 288       198.00000      201.71849 
 220 328       201.00000      207.74549 
 221 408       203.00000      211.96580 
 222 248       205.00000      214.52363 
 223 387       207.00000      214.60083 
 224 254       214.00000      216.51621 
 225 241       226.00000      227.74387 
 226 322         1.00000       10.24835 
 227 43         1.00000        3.28352 
 228 202         2.00000        5.24133 
 229 303         2.00000        2.40363 
 230 168         2.00000        9.95935 
 231 146         3.00000       14.77782 
 232 134         3.00000        5.12190 
 233 169         4.00000       17.49120 
 234 299         5.00000        0.89239 
 235 343         5.00000       22.62194 
 236 18         5.00000        5.54707 
 237 316         6.00000        1.07355 
 238 111         6.00000       11.03769 
 239 173         6.00000       21.48004 
 240 50         7.00000       17.39358 
 241 415         8.00000        4.64225 
 242 155         8.00000        7.68822 
 243 132         9.00000       23.25363 
 244 236        10.00000       20.15313 
 245 81        10.00000        8.26027 
 246 143        11.00000       24.25860 
 247 372        12.00000       14.33446 
 248 15        12.00000       34.48394 
 249 90        12.00000       41.24772 
 250 340        13.00000        0.72920 
 251 77        13.00000        8.06803 
 252 135        13.00000        6.30238 
 253 20        14.00000       12.54274 
 254 181        14.00000       11.33426 
 255 197        15.00000       19.74961 
 256 2        15.00000       13.82351 
 257 177        15.00000       16.58207 
 258 156        16.00000       18.79205 
 259 314        17.00000        9.51162 
 260 74        17.00000       17.18314 
 261 137        18.00000       68.45721 
 262 167        19.00000       10.96986 
 263 216        20.00000       41.35925 
 264 278        21.00000       29.34449 
 265 413        21.00000       66.65957 
 266 264        22.00000       64.71352 
 267 41        22.00000       34.02553 
 268 350        23.00000       32.17193 
 269 88        23.00000       29.70474 
 270 9        24.00000       29.62165 
 271 284        25.00000        7.12336 
 272 93        26.00000       17.99801 
 273 136        28.00000       33.00565 
 274 52        29.00000       33.45837 
 275 53        30.00000       19.20368 
 276 224        32.00000       22.61467 
 277 220        34.00000      193.87643 
 278 394        35.00000       40.30280 
 279 333        36.00000      206.64937 
 280 238        37.00000       37.65781 
 281 231        37.00000       34.26554 
 282 193        39.00000       27.20823 
 283 113        39.00000       63.86118 
 284 293        41.00000       69.04320 
 285 379        42.00000      103.42570 
 286 289        42.00000      103.24478 
 287 363        43.00000       34.37913 
 288 291        44.00000      117.07030 
 289 221        45.00000       25.38834 
 290 334        46.00000       89.00586 
 291 207        48.00000      105.44734 
 292 163        49.00000       80.62656 
 293 23        50.00000       89.25006 
 294 384        51.00000      171.74672 
 295 176        53.00000       63.21596 
 296 253        56.00000       31.99251 
 297 376        57.00000       28.68815 
 298 271        61.00000      125.34886 
 299 399        64.00000       44.69763 
 300 60        66.00000       42.68830 
 301 312        69.00000       53.83151 
 302 199        72.00000       13.88127 
 303 159        73.00000       52.13116 
 304 267        76.00000       37.40081 
 305 151        78.00000       43.92591 
 306 301        83.00000      198.22001 
 307 414        86.00000      180.86789 
 308 131        93.00000       48.10732 
 309 214        97.00000       55.68160 
 310 327       100.00000       60.08870 
 311 164       116.00000      133.14770 
 312 200       141.00000      138.77918 
 313 400       143.00000      100.58551 
 314 232       152.00000       68.53866 
 315 381       170.00000      175.76945 
 316 262       180.00000      172.49145 
 317 215       190.00000      200.53185 
 318 367       201.00000      175.00678 
 319 401       204.00000      202.91123 
 320 274       212.00000      218.61354 
 321 347       235.00000      264.84868 
