 -1.6656e-001 -1.6692e-001 -2.0904e-001 -1.5339e-001 -2.4877e-001
 -1.3520e-001 -2.8827e-001 -1.1621e-001 -3.2846e-001 -9.7406e-002
 -3.6961e-001 -7.8887e-002 -4.1165e-001 -6.0834e-002 -4.5436e-001
 -4.5023e-002 -4.9748e-001 -3.8517e-002 -5.4073e-001  2.8322e-002
 -5.8395e-001 -2.3898e-003 -6.2707e-001  2.2534e-001 -6.7024e-001
  5.1128e-001 -7.1377e-001  4.2372e-001 -7.5796e-001  4.8678e-001
 -8.0278e-001 -3.7574e-002 -8.4741e-001 -1.3500e-002 -8.9073e-001
 -2.4305e-003 -9.3264e-001 -4.0959e-003 -9.7524e-001 -5.0674e-002
 -1.0206e+000  1.9807e-003 -1.0586e+000  1.1035e-001 -1.0519e+000
  4.4929e-001 -1.0492e+000  5.8957e-001 -6.1866e-001  8.6165e-001
 -5.3641e-002 -1.7382e-001 -1.7493e-001 -1.7475e-001 -1.6944e-001
 -1.5881e-001 -1.4129e-001 -1.1895e-001 -5.0631e-002
 -1.2118e+000  7.4424e-001
 -4.84299253e-001 -4.84394481e-001  -4.84451922e-001 -5.61453752e-001 -5.61506631e-001  -5.61536901e-001 -6.02142323e-001 -6.02190927e-001  -6.02217449e-001 -6.38027178e-001 -6.38053296e-001  -6.38065850e-001 -6.93304971e-001 -6.93337548e-001  -6.93353701e-001
 -7.08022471e-001 -7.08039523e-001  -7.08046442e-001 -7.88722826e-001 -7.88746871e-001  -7.88757745e-001 -7.82892610e-001 -7.82904637e-001  -7.82908752e-001 -8.92122999e-001 -8.92141453e-001  -8.92149079e-001 -8.56598954e-001 -8.56607670e-001  -8.56610179e-001
 -1.00242113e+000 -1.00243559e+000  -1.00244106e+000 -9.22650246e-001 -9.22656621e-001  -9.22658157e-001 -1.11804550e+000 -1.11805703e+000  -1.11806103e+000 -9.77160371e-001 -9.77165021e-001  -9.77165952e-001 -1.23740030e+000 -1.23740960e+000  -1.23741256e+000
 -1.03378809e+000 -1.03379143e+000  -1.03379197e+000 -1.35863576e+000 -1.35864330e+000  -1.35864551e+000 -1.16523835e+000 -1.16524057e+000  -1.16524075e+000 -1.47983689e+000 -1.47984300e+000  -1.47984463e+000 -1.03412633e+000 -1.03413944e+000  -1.03413346e+000
 -1.59976359e+000 -1.59976848e+000  -1.59976965e+000 -1.22177858e+000 -1.22178023e+000  -1.22178039e+000 -1.71880821e+000 -1.71881206e+000  -1.71881286e+000 -1.65530044e+000 -1.65499651e+000  -1.65473625e+000 -1.83982357e+000 -1.83982653e+000  -1.83982704e+000
 -1.36452090e+000 -1.36449241e+000  -1.36432089e+000 -1.96828687e+000 -1.96828909e+000  -1.96828938e+000 -1.69843119e+000 -1.69796209e+000  -1.69762168e+000 -2.11044106e+000 -2.11044267e+000  -2.11044281e+000 -2.06549614e+000 -2.06478097e+000  -2.06431177e+000
 -2.26801745e+000 -2.26801857e+000  -2.26801863e+000 -2.85930810e+000 -2.85930769e+000  -2.85930749e+000 -2.43293428e+000 -2.43293504e+000  -2.43293506e+000 -2.93299005e+000 -2.93299011e+000  -2.93299014e+000 -2.59139263e+000 -2.59139316e+000  -2.59139315e+000
 -3.17368192e+000 -3.17368167e+000  -3.17368171e+000 -2.73964071e+000 -2.73964109e+000  -2.73964107e+000 -3.50573689e+000 -3.50572771e+000  -3.50572356e+000 -2.90601373e+000 -2.90601390e+000  -2.90601384e+000 -4.12893578e+000 -4.12879770e+000  -4.12872415e+000
 -3.10704917e+000 -3.10704900e+000  -3.10704888e+000 -3.86001505e+000 -3.85996773e+000  -3.85994435e+000 -3.21960023e+000 -3.21960021e+000  -3.21960018e+000 -3.39211974e+000 -3.39210874e+000  -3.39209998e+000 -2.99370500e+000 -2.99370593e+000  -2.99370633e+000
 -4.05753130e+000 -4.05789030e+000  -4.05822260e+000 -3.20551155e+000 -3.20553132e+000  -3.20554078e+000 -2.64278326e+000 -2.64270737e+000  -2.64269775e+000 -2.16984905e+000 -2.17021857e+000  -2.17029256e+000 -2.24387646e+000 -2.24387681e+000  -2.24388336e+000
 2.78498585e+000 2.78435606e+000  2.78398591e+000 -3.48304146e-001 -3.48330807e-001  -3.48355550e-001 -3.76325409e-001 -3.76352100e-001  -3.76370788e-001 -3.58166325e-001 -3.58183119e-001  -3.58191936e-001 -3.21960531e-001 -3.21974274e-001  -3.21980504e-001
 -2.90000122e-001 -2.90013554e-001  -2.90019567e-001 -2.55507447e-001 -2.55520032e-001  -2.55525234e-001 -2.22346324e-001 -2.22353102e-001  -2.22354955e-001 -9.64365348e-002 -9.64340825e-002  -9.64311445e-002
 -4.04465449e-002 -4.05308606e-002  -4.05817204e-002 -8.08828218e-002 -8.09296422e-002  -8.09564440e-002 -6.17051162e-002 -6.17481512e-002  -6.17716338e-002 -1.77385603e-001 -1.77408729e-001  -1.77419844e-001 -9.17727722e-002 -9.18016165e-002  -9.18159188e-002
 -2.32808464e-001 -2.32823562e-001  -2.32829689e-001 -1.02736354e-001 -1.02757644e-001  -1.02767272e-001 -2.65835780e-001 -2.65846429e-001  -2.65850073e-001 -9.81502281e-002 -9.81665672e-002  -9.81733201e-002 -2.98141789e-001 -2.98149505e-001  -2.98151727e-001
 -8.40103851e-002 -8.40231931e-002  -8.40280396e-002 -3.43637117e-001 -3.43642762e-001  -3.43644122e-001 -6.40810826e-002 -6.40912872e-002  -6.40948299e-002 -4.10674756e-001 -4.10678873e-001  -4.10679697e-001 -4.07494864e-002 -4.07577172e-002  -4.07603435e-002
 -4.85117053e-001 -4.85120012e-001  -4.85120487e-001 -1.61672159e-002 -1.61738932e-002  -1.61758505e-002 -4.78184536e-001 -4.78186507e-001  -4.78186666e-001 7.59880573e-003 7.59340248e-003  7.59195648e-003 -6.19714175e-001 -6.19725782e-001  -6.19720492e-001
 2.93616526e-002 2.93573265e-002  2.93562865e-002 -7.18306822e-001 -7.18308277e-001  -7.18308420e-001 5.00173672e-002 5.00139621e-002  5.00132487e-002 1.20975970e+000 1.21002881e+000  1.21025924e+000 7.37151891e-002 7.37125673e-002  7.37121118e-002
 1.96259108e+000 1.96261630e+000  1.96276817e+000 1.08218345e-001 1.08216381e-001  1.08216119e-001 1.50200987e+000 1.50242522e+000  1.50272662e+000 1.62548111e-001 1.62546688e-001  1.62546559e-001 2.18343823e+000 2.18407145e+000  2.18448689e+000
 2.40259731e-001 2.40258739e-001  2.40258687e-001 5.83378898e-001 5.83379263e-001  5.83379444e-001 3.32521357e-001 3.32520681e-001  3.32520668e-001 5.77462347e-001 5.77462292e-001  5.77462260e-001 4.21947727e-001 4.21947259e-001  4.21947264e-001
 7.92559590e-001 7.92559806e-001  7.92559770e-001 5.02004586e-001 5.02004251e-001  5.02004270e-001 1.08702492e+000 1.08703305e+000  1.08703673e+000 6.09521676e-001 6.09521524e-001  6.09521572e-001 1.59794117e+000 1.59806343e+000  1.59812855e+000
 7.62804782e-001 7.62804931e-001  7.62805039e-001 1.16998239e+000 1.17002429e+000  1.17004499e+000 8.03114954e-001 8.03114979e-001  8.03114998e-001 6.95436002e-001 6.95445742e-001  6.95453498e-001 5.04093504e-001 5.04092682e-001  5.04092330e-001
 3.92837428e+000 3.92805641e+000  3.92776219e+000 1.07018464e+000 1.07016714e+000  1.07015876e+000 1.81349780e+000 1.81356499e+000  1.81357351e+000 2.03484165e+000 2.03451447e+000  2.03444895e+000 2.64605832e+000 2.64605801e+000  2.64605220e+000
 -3.13703765e+000 -3.13759529e+000  -3.13792301e+000 -4.43567162e-001 -4.43590768e-001  -4.43612676e-001 -4.20306401e-001 -4.20330033e-001  -4.20346580e-001 -4.71289991e-001 -4.71304861e-001  -4.71312668e-001 -5.07931041e-001 -5.07943209e-001  -5.07948725e-001
 -4.97964964e-001 -4.97976857e-001  -4.97982181e-001 -4.48009519e-001 -4.48020661e-001  -4.48025267e-001 -3.63573633e-001 -3.63579634e-001  -3.63581275e-001 -1.50908466e-001 -1.50906295e-001  -1.50903693e-001
 -6.13247614e-001 -6.13313744e-001  -6.13353634e-001 -7.70433568e-001 -7.70470290e-001  -7.70491311e-001 -7.91643643e-001 -7.91677396e-001  -7.91695814e-001 -8.29565938e-001 -8.29584076e-001  -8.29592794e-001 -8.63786761e-001 -8.63809384e-001  -8.63820601e-001
 -8.58057208e-001 -8.58069050e-001  -8.58073855e-001 -9.22420041e-001 -9.22436739e-001  -9.22444291e-001 -8.99394827e-001 -8.99403179e-001  -8.99406037e-001 -9.85999876e-001 -9.86012691e-001  -9.86017987e-001 -9.55951903e-001 -9.55957955e-001  -9.55959698e-001
 -1.05854767e+000 -1.05855771e+000  -1.05856151e+000 -1.02561946e+000 -1.02562389e+000  -1.02562496e+000 -1.13998111e+000 -1.13998911e+000  -1.13999189e+000 -1.10680158e+000 -1.10680481e+000  -1.10680546e+000 -1.22904224e+000 -1.22904870e+000  -1.22905076e+000
 -1.18938406e+000 -1.18938638e+000  -1.18938675e+000 -1.32420723e+000 -1.32421247e+000  -1.32421400e+000 -1.21899222e+000 -1.21899377e+000  -1.21899389e+000 -1.42397839e+000 -1.42398263e+000  -1.42398376e+000 1.20414451e-001 1.20405348e-001  1.20409497e-001
 -1.52709576e+000 -1.52709915e+000  -1.52709997e+000 -1.62704406e+000 -1.62704520e+000  -1.62704531e+000 -1.63283060e+000 -1.63283327e+000  -1.63283383e+000 -2.77966643e+000 -2.77945536e+000  -2.77927463e+000 -1.74139423e+000 -1.74139628e+000  -1.74139664e+000
 -3.00272901e+000 -3.00270923e+000  -3.00259012e+000 -1.85441611e+000 -1.85441765e+000  -1.85441786e+000 -1.36500900e+000 -1.36468324e+000  -1.36444684e+000 -1.97493037e+000 -1.97493148e+000  -1.97493158e+000 -6.08801272e-001 -6.08304628e-001  -6.07978790e-001
 -2.10494884e+000 -2.10494962e+000  -2.10494966e+000 -2.29183843e+000 -2.29183814e+000  -2.29183800e+000 -2.23967088e+000 -2.23967141e+000  -2.23967142e+000 -2.50156519e+000 -2.50156523e+000  -2.50156525e+000 -2.36641970e+000 -2.36642007e+000  -2.36642006e+000
 -2.71958992e+000 -2.71958975e+000  -2.71958978e+000 -2.47822775e+000 -2.47822801e+000  -2.47822800e+000 -2.76995987e+000 -2.76995350e+000  -2.76995061e+000 -2.59107615e+000 -2.59107627e+000  -2.59107623e+000 -2.89512295e+000 -2.89502706e+000  -2.89497598e+000
 -2.71388735e+000 -2.71388724e+000  -2.71388715e+000 -2.81783092e+000 -2.81779806e+000  -2.81778182e+000 -2.87384992e+000 -2.87384990e+000  -2.87384989e+000 -3.25114917e+000 -3.25114153e+000  -3.25113544e+000 -3.24992510e+000 -3.24992574e+000  -3.24992602e+000
 -3.58627360e+000 -3.58652291e+000  -3.58675367e+000 -2.91667406e+000 -2.91668779e+000  -2.91669436e+000 -3.79986166e+000 -3.79980896e+000  -3.79980228e+000 -2.81795041e+000 -2.81820702e+000  -2.81825841e+000 -3.12598570e+000 -3.12598594e+000  -3.12599049e+000
 -2.54373423e+000 -2.54417159e+000  -2.54442864e+000 -5.18898460e-001 -5.18916974e-001  -5.18934158e-001 -3.08946856e-001 -3.08965391e-001  -3.08978369e-001 -2.50140900e-001 -2.50152563e-001  -2.50158686e-001 -2.33795906e-001 -2.33805451e-001  -2.33809777e-001
 -2.30534115e-001 -2.30543443e-001  -2.30547618e-001 -2.42727653e-001 -2.42736392e-001  -2.42740005e-001 -2.04676356e-001 -2.04681062e-001  -2.04682349e-001 -9.12252924e-002 -9.12235895e-002  -9.12215492e-002
 -3.69618811e-001 -3.69742474e-001  -3.69817069e-001 -3.65015207e-001 -3.65083876e-001  -3.65123186e-001 -3.12728151e-001 -3.12791269e-001  -3.12825711e-001 -3.11755692e-001 -3.11789610e-001  -3.11805912e-001 -2.47395783e-001 -2.47438088e-001  -2.47459065e-001
 -2.44077972e-001 -2.44100116e-001  -2.44109102e-001 -1.81419508e-001 -1.81450734e-001  -1.81464856e-001 -1.73897919e-001 -1.73913537e-001  -1.73918882e-001 -1.17600480e-001 -1.17624444e-001  -1.17634349e-001 -1.04327921e-001 -1.04339240e-001  -1.04342498e-001
 -5.67891849e-002 -5.68079699e-002  -5.68150782e-002 -3.56612679e-002 -3.56695467e-002  -3.56715412e-002 1.24712135e-003 1.23215467e-003  1.22695867e-003 3.15661873e-002 3.15601483e-002  3.15589395e-002 5.71850851e-002 5.71730133e-002  5.71691613e-002
 9.18035875e-002 9.17992471e-002  9.17985502e-002 1.11867275e-001 1.11857481e-001  1.11854610e-001 1.23040443e-001 1.23037552e-001  1.23037319e-001 1.66110449e-001 1.66102524e-001  1.66100403e-001 3.42249358e-001 3.42232334e-001  3.42240093e-001
 2.20489920e-001 2.20483575e-001  2.20482050e-001 2.57543255e-001 2.57541121e-001  2.57540912e-001 2.75138190e-001 2.75133196e-001  2.75132150e-001 9.79830487e-001 9.80225180e-001  9.80563155e-001 3.29634809e-001 3.29630963e-001  3.29630295e-001
 1.88053244e+000 1.88056944e+000  1.88079217e+000 3.83049980e-001 3.83047099e-001  3.83046715e-001 1.62090392e+000 1.62151309e+000  1.62195516e+000 4.34365182e-001 4.34363095e-001  4.34362905e-001 1.82965991e+000 1.83058863e+000  1.83119795e+000
 4.83708075e-001 4.83706620e-001  4.83706544e-001 2.02657834e-001 2.02658369e-001  2.02658636e-001 5.33640053e-001 5.33639062e-001  5.33639043e-001 2.88638875e-001 2.88638796e-001  2.88638748e-001 5.87687865e-001 5.87687178e-001  5.87687186e-001
 3.34093546e-001 3.34093862e-001  3.34093810e-001 6.46130560e-001 6.46130069e-001  6.46130096e-001 3.39902377e-001 3.39914296e-001  3.39919693e-001 7.02390894e-001 7.02390671e-001  7.02390740e-001 2.06357630e-001 2.06536944e-001  2.06632459e-001
 7.50211620e-001 7.50211839e-001  7.50211997e-001 3.80943899e-001 3.81005351e-001  3.81035712e-001 8.20744622e-001 8.20744657e-001  8.20744686e-001 7.29442431e-001 7.29456715e-001  7.29468092e-001 1.03047492e+000 1.03047371e+000  1.03047320e+000
 1.79487348e+000 1.79440728e+000  1.79397575e+000 1.22797278e+000 1.22794711e+000  1.22793482e+000 2.24526266e+000 2.24536121e+000  2.24537370e+000 2.75705794e+000 2.75657808e+000  2.75648199e+000 3.10381406e+000 3.10381361e+000  3.10380509e+000
 4.70572854e+000 4.70491067e+000  4.70443000e+000 -5.41857013e-001 -5.41891634e-001  -5.41923767e-001 -5.45334442e-001 -5.45369103e-001  -5.45393371e-001 -5.44719097e-001 -5.44740906e-001  -5.44752356e-001 -5.28172612e-001 -5.28190459e-001  -5.28198549e-001
 -4.95042311e-001 -4.95059754e-001  -4.95067562e-001 -4.40419144e-001 -4.40435486e-001  -4.40442242e-001 -3.70763202e-001 -3.70772004e-001  -3.70774410e-001 -1.57787277e-001 -1.57784093e-001  -1.57780277e-001
 -4.98913024e-001 -4.98986428e-001  -4.99030706e-001 -5.73478597e-001 -5.73519358e-001  -5.73542691e-001 -6.19740083e-001 -6.19777548e-001  -6.19797992e-001 -6.96461044e-001 -6.96481177e-001  -6.96490854e-001 -7.35556294e-001 -7.35581405e-001  -7.35593857e-001
 -8.10885089e-001 -8.10898233e-001  -8.10903567e-001 -8.50990289e-001 -8.51008824e-001  -8.51017206e-001 -9.23823796e-001 -9.23833067e-001  -9.23836239e-001 -9.67704798e-001 -9.67719023e-001  -9.67724901e-001 -1.03712462e+000 -1.03713134e+000  -1.03713327e+000
 -1.08620465e+000 -1.08621580e+000  -1.08622002e+000 -1.15096166e+000 -1.15096658e+000  -1.15096776e+000 -1.20635168e+000 -1.20636057e+000  -1.20636365e+000 -1.26565298e+000 -1.26565656e+000  -1.26565728e+000 -1.32774424e+000 -1.32775141e+000  -1.32775369e+000
 -1.38449346e+000 -1.38449604e+000  -1.38449645e+000 -1.44988219e+000 -1.44988801e+000  -1.44988971e+000 -1.52054819e+000 -1.52054991e+000  -1.52055005e+000 -1.57228077e+000 -1.57228547e+000  -1.57228673e+000 -1.54502591e+000 -1.54503602e+000  -1.54503141e+000
 -1.69459842e+000 -1.69460218e+000  -1.69460309e+000 -1.74990237e+000 -1.74990363e+000  -1.74990376e+000 -1.81675656e+000 -1.81675952e+000  -1.81676014e+000 -1.47576141e+000 -1.47552712e+000  -1.47532651e+000 -1.93900468e+000 -1.93900696e+000  -1.93900736e+000
 -1.09571657e+000 -1.09569461e+000  -1.09556240e+000 -2.06189467e+000 -2.06189638e+000  -2.06189661e+000 -1.40442395e+000 -1.40406235e+000  -1.40379995e+000 -2.18603126e+000 -2.18603250e+000  -2.18603261e+000 -1.43510637e+000 -1.43455509e+000  -1.43419341e+000
 -2.31133854e+000 -2.31133940e+000  -2.31133945e+000 -2.55546338e+000 -2.55546306e+000  -2.55546291e+000 -2.43629612e+000 -2.43629671e+000  -2.43629672e+000 -2.65902289e+000 -2.65902293e+000  -2.65902296e+000 -2.55881072e+000 -2.55881113e+000  -2.55881113e+000
 -2.78663814e+000 -2.78663796e+000  -2.78663799e+000 -2.67871647e+000 -2.67871676e+000  -2.67871674e+000 -2.93778651e+000 -2.93777943e+000  -2.93777623e+000 -2.79991773e+000 -2.79991787e+000  -2.79991783e+000 -3.17165272e+000 -3.17154629e+000  -3.17148959e+000
 -2.92612856e+000 -2.92612843e+000  -2.92612834e+000 -3.22261771e+000 -3.22258124e+000  -3.22256321e+000 -3.03885774e+000 -3.03885772e+000  -3.03885770e+000 -3.17035131e+000 -3.17034283e+000  -3.17033607e+000 -3.06896178e+000 -3.06896250e+000  -3.06896280e+000
 -2.69252612e+000 -2.69280284e+000  -2.69305899e+000 -3.10632684e+000 -3.10634208e+000  -3.10634937e+000 -2.57977912e+000 -2.57972063e+000  -2.57971321e+000 -2.35328444e+000 -2.35356928e+000  -2.35362631e+000 -2.22475414e+000 -2.22475441e+000  -2.22475947e+000
 -1.35118328e+000 -1.35166875e+000  -1.35195407e+000 -3.21637050e-001 -3.21657601e-001  -3.21676674e-001 -3.23701195e-001 -3.23721769e-001  -3.23736174e-001 -3.23335937e-001 -3.23348883e-001  -3.23355679e-001 -3.13514224e-001 -3.13524818e-001  -3.13529620e-001
 -2.93848644e-001 -2.93858999e-001  -2.93863633e-001 -2.61425267e-001 -2.61434968e-001  -2.61438978e-001 -2.20078692e-001 -2.20083917e-001  -2.20085345e-001 -9.36598276e-002 -9.36579373e-002  -9.36556726e-002
 -2.87371064e-001 -2.87441887e-001  -2.87484609e-001 -3.29929429e-001 -3.29968757e-001  -3.29991270e-001 -2.55579164e-001 -2.55615313e-001  -2.55635038e-001 -1.97394887e-001 -1.97414312e-001  -1.97423649e-001 -1.36175826e-001 -1.36200055e-001  -1.36212068e-001
 -4.13374265e-002 -4.13501087e-002  -4.13552550e-002 -6.85734599e-003 -6.87522932e-003  -6.88331687e-003 1.02664357e-001 1.02655412e-001  1.02652351e-001 1.17138553e-001 1.17124829e-001  1.17119157e-001 2.32982148e-001 2.32975666e-001  2.32973800e-001
 2.32625923e-001 2.32615165e-001  2.32611094e-001 3.51712230e-001 3.51707489e-001  3.51706346e-001 3.39880146e-001 3.39871574e-001  3.39868598e-001 4.60344215e-001 4.60340756e-001  4.60340064e-001 4.40163647e-001 4.40156734e-001  4.40154527e-001
 5.67032151e-001 5.67029666e-001  5.67029267e-001 5.34954289e-001 5.34948680e-001  5.34947036e-001 7.15922312e-001 7.15920656e-001  7.15920523e-001 6.25686474e-001 6.25681935e-001  6.25680721e-001 2.06157730e+000 2.06156755e+000  2.06157199e+000
 7.13544668e-001 7.13541034e-001  7.13540160e-001 7.22975154e-001 7.22973932e-001  7.22973812e-001 7.99182748e-001 7.99179888e-001  7.99179289e-001 3.79019421e-002 3.81279888e-002  3.83215534e-002 8.82356890e-001 8.82354687e-001  8.82354305e-001
 9.04144068e-002 9.04355979e-002  9.05631623e-002 9.61522785e-001 9.61521135e-001  9.61520915e-001 1.68500782e+000 1.68535670e+000  1.68560988e+000 1.03391081e+000 1.03390961e+000  1.03390951e+000 2.55285731e+000 2.55338920e+000  2.55373817e+000
 1.09778037e+000 1.09777953e+000  1.09777949e+000 9.99486221e-001 9.99486527e-001  9.99486680e-001 1.15755838e+000 1.15755781e+000  1.15755780e+000 9.95550002e-001 9.95549956e-001  9.95549929e-001 1.22456559e+000 1.22456519e+000  1.22456520e+000
 9.82489502e-001 9.82489683e-001  9.82489654e-001 1.30484790e+000 1.30484761e+000  1.30484763e+000 1.11260384e+000 1.11261067e+000  1.11261376e+000 1.38396052e+000 1.38396039e+000  1.38396043e+000 1.17457988e+000 1.17468258e+000  1.17473728e+000
 1.45371319e+000 1.45371332e+000  1.45371341e+000 1.42075005e+000 1.42078524e+000  1.42080263e+000 1.49435595e+000 1.49435597e+000  1.49435599e+000 1.25132256e+000 1.25133074e+000  1.25133725e+000 1.36460911e+000 1.36460842e+000  1.36460813e+000
 1.23234816e+000 1.23208116e+000  1.23183402e+000 1.83452876e+000 1.83451406e+000  1.83450703e+000 1.28639947e+000 1.28645591e+000  1.28646306e+000 2.26668230e+000 2.26640748e+000  2.26635245e+000 2.13254563e+000 2.13254536e+000  2.13254049e+000
 2.82866750e+000 2.82819910e+000  2.82792381e+000 -5.19803109e-001 -5.19822938e-001  -5.19841340e-001 -3.33760353e-001 -3.33780204e-001  -3.33794102e-001 -2.77735578e-001 -2.77748068e-001  -2.77754626e-001 -2.60280097e-001 -2.60290319e-001  -2.60294952e-001
 -2.53828910e-001 -2.53838900e-001  -2.53843372e-001 -2.58410424e-001 -2.58419783e-001  -2.58423652e-001 -2.17738651e-001 -2.17743692e-001  -2.17745070e-001 -9.62406181e-002 -9.62387942e-002  -9.62366091e-002
 2.33370371e-001 2.33248628e-001  2.33173892e-001 -2.32144607e-002 -2.32820415e-002  -2.33214674e-002 -9.42224140e-002 -9.42845162e-002  -9.43190997e-002 -3.79225326e-001 -3.79258675e-001  -3.79275094e-001 -3.08222612e-001 -3.08264216e-001  -3.08285330e-001
 -6.25448933e-001 -6.25470689e-001  -6.25479783e-001 -4.77132556e-001 -4.77163252e-001  -4.77177503e-001 -8.39024618e-001 -8.39039953e-001  -8.39045393e-001 -6.22905525e-001 -6.22929074e-001  -6.22939097e-001 -1.04054095e+000 -1.04055205e+000  -1.04055539e+000
 -7.53225089e-001 -7.53243544e-001  -7.53250759e-001 -1.23913919e+000 -1.23914731e+000  -1.23914937e+000 -8.71590857e-001 -8.71605557e-001  -8.71610848e-001 -1.43874312e+000 -1.43874904e+000  -1.43875031e+000 -9.81146553e-001 -9.81158408e-001  -9.81162344e-001
 -1.62705881e+000 -1.62706307e+000  -1.62706381e+000 -1.08554665e+000 -1.08555627e+000  -1.08555921e+000 -1.74991087e+000 -1.74991370e+000  -1.74991397e+000 -1.18838519e+000 -1.18839297e+000  -1.18839516e+000 -1.39255608e+000 -1.39257271e+000  -1.39256539e+000
 -1.29221969e+000 -1.29222592e+000  -1.29222750e+000 -2.13090215e+000 -2.13090424e+000  -2.13090447e+000 -1.39793609e+000 -1.39794099e+000  -1.39794209e+000 -2.01355376e+000 -2.01316429e+000  -2.01282791e+000 -1.50468246e+000 -1.50468623e+000  -1.50468694e+000
 -1.61696210e+000 -1.61692333e+000  -1.61670398e+000 -1.61020644e+000 -1.61020926e+000  -1.61020968e+000 -2.36363401e+000 -2.36303374e+000  -2.36259265e+000 -1.71135925e+000 -1.71136129e+000  -1.71136151e+000 -2.93929791e+000 -2.93838343e+000  -2.93777441e+000
 -1.80496432e+000 -1.80496575e+000  -1.80496584e+000 -2.40374616e+000 -2.40374564e+000  -2.40374537e+000 -1.88930830e+000 -1.88930927e+000  -1.88930930e+000 -2.39899436e+000 -2.39899444e+000  -2.39899448e+000 -1.96430819e+000 -1.96430887e+000  -1.96430887e+000
 -2.33818728e+000 -2.33818697e+000  -2.33818701e+000 -2.03015879e+000 -2.03015927e+000  -2.03015925e+000 -2.09444564e+000 -2.09443393e+000  -2.09442848e+000 -2.08987941e+000 -2.08987963e+000  -2.08987957e+000 -1.83042973e+000 -1.83025337e+000  -1.83015746e+000
 -2.16573566e+000 -2.16573544e+000  -2.16573528e+000 -2.25996022e+000 -2.25989982e+000  -2.25986930e+000 -2.28203789e+000 -2.28203786e+000  -2.28203783e+000 -2.54096250e+000 -2.54094842e+000  -2.54093708e+000 -2.36325242e+000 -2.36325361e+000  -2.36325413e+000
 -2.92688953e+000 -2.92734995e+000  -2.92777904e+000 -1.45939106e+000 -1.45941636e+000  -1.45942881e+000 -2.31329491e+000 -2.31319851e+000  -2.31318517e+000 -1.50244257e+000 -1.50291174e+000  -1.50301047e+000 -2.11238994e+000 -2.11239050e+000  -2.11239888e+000
 -2.00957993e+000 -2.01038328e+000  -2.01086301e+000 1.54633973e-001 1.54599781e-001  1.54567831e-001 4.10914575e-002 4.10573139e-002  4.10330872e-002 -7.72963042e-002 -7.73177436e-002  -7.73292343e-002 -1.03019919e-001 -1.03037449e-001  -1.03045594e-001
 -1.00332312e-001 -1.00349444e-001  -1.00357308e-001 -9.65818390e-002 -9.65978832e-002  -9.66047006e-002 -8.08662656e-002 -8.08748923e-002  -8.08773524e-002 -3.27793868e-002 -3.27762267e-002  -3.27724368e-002
 7.24863575e-001 7.24731852e-001  7.24651098e-001 5.44299972e-001 5.44226850e-001  5.44184251e-001 5.61050452e-001 5.60983256e-001  5.60945893e-001 3.60829270e-001 3.60793184e-001  3.60775449e-001 5.18799657e-001 5.18754639e-001  5.18731833e-001
 2.89653467e-001 2.89629924e-001  2.89620104e-001 5.22531640e-001 5.22498424e-001  5.22483034e-001 2.50139818e-001 2.50123222e-001  2.50117351e-001 5.48866646e-001 5.48841163e-001  5.48830341e-001 2.21462184e-001 2.21450163e-001  2.21446560e-001
 5.89814842e-001 5.89794872e-001  5.89787083e-001 1.94654997e-001 1.94646208e-001  1.94643984e-001 6.41907906e-001 6.41891998e-001  6.41886287e-001 1.65909414e-001 1.65903005e-001  1.65901644e-001 7.02133749e-001 7.02120921e-001  7.02116673e-001
 1.48069309e-001 1.48064704e-001  1.48063908e-001 7.66993524e-001 7.66983119e-001  7.66979942e-001 1.98530886e-001 1.98527821e-001  1.98527535e-001 8.33044273e-001 8.33035854e-001  8.33033497e-001 8.40264671e-001 8.40246660e-001  8.40254605e-001
 8.97850035e-001 8.97843296e-001  8.97841592e-001 1.40748625e-001 1.40746363e-001  1.40746113e-001 9.60586606e-001 9.60581303e-001  9.60580125e-001 3.78897462e-001 3.79318780e-001  3.79682433e-001 1.02207165e+000 1.02206757e+000  1.02206681e+000
 9.66635073e-001 9.66676833e-001  9.66914155e-001 1.08439346e+000 1.08439040e+000  1.08438996e+000 5.11767137e-001 5.12416568e-001  5.12893330e-001 1.15042607e+000 1.15042386e+000  1.15042363e+000 1.78094889e-001 1.79084312e-001  1.79742511e-001
 1.22319667e+000 1.22319512e+000  1.22319502e+000 6.86881830e-001 6.86882399e-001  6.86882688e-001 1.30488592e+000 1.30488487e+000  1.30488483e+000 8.53147999e-001 8.53147914e-001  8.53147863e-001 1.39668038e+000 1.39667965e+000  1.39667965e+000
 1.07343938e+000 1.07343971e+000  1.07343966e+000 1.49892598e+000 1.49892546e+000  1.49892548e+000 1.48807176e+000 1.48808444e+000  1.48809032e+000 1.60713257e+000 1.60713233e+000  1.60713240e+000 1.91276072e+000 1.91295156e+000  1.91305517e+000
 1.69812389e+000 1.69812412e+000  1.69812429e+000 1.66944855e+000 1.66951391e+000  1.66954689e+000 1.74679360e+000 1.74679364e+000  1.74679367e+000 1.54333540e+000 1.54335064e+000  1.54336290e+000 1.81976159e+000 1.81976031e+000  1.81975974e+000
 1.34724611e+000 1.34674808e+000  1.34628416e+000 2.93023609e+000 2.93020872e+000  2.93019528e+000 2.13849117e+000 2.13859553e+000  2.13860987e+000 3.13077849e+000 3.13027060e+000  3.13016412e+000 2.59914572e+000 2.59914512e+000  2.59913605e+000
 2.89136763e+000 2.89049829e+000  2.88997977e+000 9.24634934e-002 9.24265075e-002  9.23919647e-002 -4.80317141e-003 -4.84011210e-003  -4.86629714e-003 -1.18239324e-001 -1.18262524e-001  -1.18274938e-001 -1.41925129e-001 -1.41944100e-001  -1.41952898e-001
 -1.37666659e-001 -1.37685200e-001  -1.37693693e-001 -1.32666180e-001 -1.32683543e-001  -1.32690905e-001 -1.11261001e-001 -1.11270338e-001  -1.11272992e-001 -4.60295295e-002 -4.60261124e-002  -4.60220145e-002
 -2.53570567e-001 -2.53589501e-001  -2.53601340e-001 -3.16475939e-001 -3.16486445e-001  -3.16492698e-001 -3.61502064e-001 -3.61511717e-001  -3.61517208e-001 -4.25532977e-001 -4.25538157e-001  -4.25540773e-001 -4.55833229e-001 -4.55839693e-001  -4.55843054e-001
 -5.20154112e-001 -5.20157489e-001  -5.20158945e-001 -5.44129838e-001 -5.44134605e-001  -5.44136880e-001 -6.09483287e-001 -6.09485666e-001  -6.09486542e-001 -6.29408499e-001 -6.29412155e-001  -6.29413760e-001 -6.96649332e-001 -6.96651054e-001  -6.96651596e-001
 -7.13060336e-001 -7.13063200e-001  -7.13064359e-001 -7.82866871e-001 -7.82868130e-001  -7.82868467e-001 -7.95755048e-001 -7.95757329e-001  -7.95758182e-001 -8.68388913e-001 -8.68389831e-001  -8.68390040e-001 -8.77880466e-001 -8.77882305e-001  -8.77882942e-001
 -9.51937249e-001 -9.51937908e-001  -9.51938032e-001 -9.59710304e-001 -9.59711796e-001  -9.59712274e-001 -1.02796420e+000 -1.02796463e+000  -1.02796468e+000 -1.04142942e+000 -1.04143062e+000  -1.04143098e+000 -1.18989795e+000 -1.18990052e+000  -1.18989944e+000
 -1.12312815e+000 -1.12312912e+000  -1.12312938e+000 -1.25191515e+000 -1.25191547e+000  -1.25191551e+000 -1.20482478e+000 -1.20482554e+000  -1.20482573e+000 -1.50975754e+000 -1.50969683e+000  -1.50964393e+000 -1.28651007e+000 -1.28651066e+000  -1.28651078e+000
 -1.72180750e+000 -1.72180110e+000  -1.72176700e+000 -1.36814197e+000 -1.36814240e+000  -1.36814248e+000 -1.77435514e+000 -1.77426170e+000  -1.77419214e+000 -1.44944109e+000 -1.44944141e+000  -1.44944145e+000 -1.88046054e+000 -1.88031830e+000  -1.88022207e+000
 -1.52950143e+000 -1.52950165e+000  -1.52950167e+000 -1.72186072e+000 -1.72186063e+000  -1.72186059e+000 -1.60685633e+000 -1.60685648e+000  -1.60685649e+000 -1.73932300e+000 -1.73932301e+000  -1.73932302e+000 -1.68054252e+000 -1.68054263e+000  -1.68054263e+000
 -1.77566961e+000 -1.77566956e+000  -1.77566956e+000 -1.75148727e+000 -1.75148735e+000  -1.75148735e+000 -1.75869392e+000 -1.75869210e+000  -1.75869123e+000 -1.82377442e+000 -1.82377445e+000  -1.82377444e+000 -1.64295729e+000 -1.64292989e+000  -1.64291466e+000
 -1.90544512e+000 -1.90544509e+000  -1.90544506e+000 -1.90285643e+000 -1.90284705e+000  -1.90284220e+000 -2.00528248e+000 -2.00528247e+000  -2.00528247e+000 -2.10770873e+000 -2.10770654e+000  -2.10770476e+000 -2.12426035e+000 -2.12426053e+000  -2.12426062e+000
 -2.28597412e+000 -2.28604595e+000  -2.28611337e+000 -2.08165153e+000 -2.08165547e+000  -2.08165746e+000 -2.25732861e+000 -2.25731372e+000  -2.25731147e+000 -2.12967546e+000 -2.12974791e+000  -2.12976396e+000 -2.23587458e+000 -2.23587469e+000  -2.23587599e+000
 -2.47835167e+000 -2.47847630e+000  -2.47855198e+000 1.96865159e-002 1.96811818e-002  1.96761623e-002 5.43689155e-003 5.43157855e-003  5.42775576e-003 -8.51653430e-003 -8.51986361e-003  -8.52168705e-003 -1.14085751e-002 -1.14112951e-002  -1.14125921e-002
 -1.07807131e-002 -1.07833712e-002  -1.07846238e-002 -1.09152194e-002 -1.09177076e-002  -1.09187959e-002 -9.47213381e-003 -9.47346933e-003  -9.47386748e-003 -3.78433831e-003 -3.78384289e-003  -3.78324808e-003
 3.00128001e-001 3.00061630e-001  3.00019387e-001 3.24207679e-001 3.24170861e-001  3.24148525e-001 3.29525961e-001 3.29492142e-001  3.29472501e-001 3.50120262e-001 3.50102126e-001  3.50092741e-001 3.76141252e-001 3.76118617e-001  3.76106564e-001
 3.98221300e-001 3.98209486e-001  3.98204235e-001 4.34615276e-001 4.34598587e-001  4.34590408e-001 4.59458601e-001 4.59450284e-001  4.59447105e-001 5.00378155e-001 5.00365360e-001  5.00359574e-001 5.26593957e-001 5.26587938e-001  5.26585958e-001
 5.70175532e-001 5.70165510e-001  5.70161319e-001 5.95761834e-001 5.95757437e-001  5.95756193e-001 6.42275577e-001 6.42267598e-001  6.42264503e-001 6.64937599e-001 6.64934395e-001  6.64933618e-001 7.15964698e-001 7.15958267e-001  7.15955948e-001
 7.34342674e-001 7.34340374e-001  7.34339905e-001 7.91168978e-001 7.91163763e-001  7.91162015e-001 8.11038603e-001 8.11037073e-001  8.11036882e-001 8.68258658e-001 8.68254440e-001  8.68253131e-001 -1.62249792e-002 -1.62339352e-002  -1.62303470e-002
 9.47911553e-001 9.47908178e-001  9.47907220e-001 6.47961787e-001 6.47960658e-001  6.47960499e-001 1.03098637e+000 1.03098371e+000  1.03098304e+000 -3.56405923e-001 -3.56192681e-001  -3.56005236e-001 1.11841154e+000 1.11840950e+000  1.11840905e+000
 -1.52642516e+000 -1.52640152e+000  -1.52628211e+000 1.21114122e+000 1.21113969e+000  1.21113941e+000 -4.89522488e-001 -4.89194688e-001  -4.88947540e-001 1.31044368e+000 1.31044257e+000  1.31044242e+000 -9.96485194e-002 -9.91498513e-002  -9.88073250e-002
 1.41875160e+000 1.41875083e+000  1.41875075e+000 8.45031922e-001 8.45032208e-001  8.45032360e-001 1.53949470e+000 1.53949418e+000  1.53949414e+000 1.25288344e+000 1.25288340e+000  1.25288337e+000 1.67346004e+000 1.67345968e+000  1.67345967e+000
 1.58262706e+000 1.58262722e+000  1.58262720e+000 1.81572033e+000 1.81572007e+000  1.81572007e+000 2.29903145e+000 2.29903781e+000  2.29904093e+000 1.95982276e+000 1.95982265e+000  1.95982268e+000 3.87033392e+000 3.87042988e+000  3.87048435e+000
 2.07659266e+000 2.07659278e+000  2.07659287e+000 2.84845164e+000 2.84848447e+000  2.84850185e+000 2.04388408e+000 2.04388410e+000  2.04388412e+000 2.08080753e+000 2.08081524e+000  2.08082157e+000 1.70032056e+000 1.70031991e+000  1.70031961e+000
 1.65140234e+000 1.65114984e+000  1.65091120e+000 1.88689747e+000 1.88688364e+000  1.88687643e+000 1.94635080e+000 1.94640270e+000  1.94641123e+000 2.38068647e+000 2.38043430e+000  2.38037555e+000 2.38484596e+000 2.38484554e+000  2.38484097e+000
 9.30038821e-001 9.29603055e-001  9.29334104e-001 5.81280326e-002 5.81092809e-002  5.80915148e-002 -1.00765808e-003 -1.02629112e-003  -1.03988003e-003 -3.82771728e-002 -3.82888263e-002  -3.82953441e-002 -4.42040825e-002 -4.42135957e-002  -4.42182478e-002
 -4.00272212e-002 -4.00365170e-002  -4.00410112e-002 -4.01182500e-002 -4.01269484e-002  -4.01308610e-002 -3.46271723e-002 -3.46318334e-002  -3.46332834e-002 -1.38946296e-002 -1.38928797e-002  -1.38907765e-002
 7.32447605e-003 7.32447604e-003  7.32447604e-003 -2.85432224e-002 -2.85432224e-002  -2.85432224e-002 -2.65889728e-002 -2.65889728e-002  -2.65889728e-002 -6.72165225e-002 -6.72165225e-002  -6.72165225e-002 -1.02132228e-001 -1.02132228e-001  -1.02132228e-001
 -1.21462747e-001 -1.21462747e-001  -1.21462747e-001 -1.94309729e-001 -1.94309729e-001  -1.94309729e-001 -1.79157540e-001 -1.79157540e-001  -1.79157540e-001 -2.97487917e-001 -2.97487917e-001  -2.97487917e-001 -2.44323232e-001 -2.44323232e-001  -2.44323232e-001
 -4.10095505e-001 -4.10095505e-001  -4.10095505e-001 -3.22896930e-001 -3.22896930e-001  -3.22896930e-001 -5.30681211e-001 -5.30681211e-001  -5.30681211e-001 -4.20079334e-001 -4.20079334e-001  -4.20079334e-001 -6.57023815e-001 -6.57023815e-001  -6.57023815e-001
 -5.35203983e-001 -5.35203983e-001  -5.35203983e-001 -7.86420223e-001 -7.86420223e-001  -7.86420223e-001 -6.44173160e-001 -6.44173160e-001  -6.44173160e-001 -9.16232685e-001 -9.16232685e-001  -9.16232685e-001 -1.75461523e+000 -1.75461523e+000  -1.75461523e+000
 -1.04435439e+000 -1.04435439e+000  -1.04435439e+000 -1.15974206e+000 -1.15974206e+000  -1.15974206e+000 -1.16936445e+000 -1.16936445e+000  -1.16936445e+000 -3.06401942e+000 -3.06401942e+000  -3.06401942e+000 -1.29034022e+000 -1.29034022e+000  -1.29034022e+000
 -2.94722312e+000 -2.94722312e+000  -2.94722312e+000 -1.40661329e+000 -1.40661329e+000  -1.40661329e+000 -2.35006188e+000 -2.35006188e+000  -2.35006188e+000 -1.51792770e+000 -1.51792770e+000  -1.51792770e+000 -1.58929611e+000 -1.58929611e+000  -1.58929611e+000
 -1.62468988e+000 -1.62468988e+000  -1.62468988e+000 -1.85562245e+000 -1.85562245e+000  -1.85562245e+000 -1.72688170e+000 -1.72688170e+000  -1.72688170e+000 -1.92453568e+000 -1.92453568e+000  -1.92453568e+000 -1.82300646e+000 -1.82300646e+000  -1.82300646e+000
 -2.06158283e+000 -2.06158283e+000  -2.06158283e+000 -1.91216945e+000 -1.91216945e+000  -1.91216945e+000 -2.29587766e+000 -2.29587766e+000  -2.29587766e+000 -1.99771159e+000 -1.99771159e+000  -1.99771159e+000 -2.57873981e+000 -2.57873981e+000  -2.57873981e+000
 -2.09228483e+000 -2.09228483e+000  -2.09228483e+000 -2.71657517e+000 -2.71657517e+000  -2.71657517e+000 -2.18777622e+000 -2.18777622e+000  -2.18777622e+000 -2.94499006e+000 -2.94499006e+000  -2.94499006e+000 -2.30346898e+000 -2.30346898e+000  -2.30346898e+000
 -4.65472861e+000 -4.65472861e+000  -4.65472861e+000 -2.50015732e+000 -2.50015732e+000  -2.50015732e+000 -3.84244622e+000 -3.84244622e+000  -3.84244622e+000 -2.48515711e+000 -2.48515711e+000  -2.48515711e+000 -1.87722326e+000 -1.87722326e+000  -1.87722326e+000
 -1.52080059e+000 -1.52080059e+000  -1.52080059e+000 -1.50022475e-001 -1.50022475e-001  -1.50022475e-001 -1.17292456e-001 -1.17292456e-001  -1.17292456e-001 -1.28140143e-001 -1.28140143e-001  -1.28140143e-001 -1.38847429e-001 -1.38847429e-001  -1.38847429e-001
 -1.36630280e-001 -1.36630280e-001  -1.36630280e-001 -1.51875577e-001 -1.51875577e-001  -1.51875577e-001 -1.51452270e-001 -1.51452270e-001  -1.51452270e-001 -6.62442146e-002 -6.62442146e-002  -6.62442146e-002
 -8.18450772e-001 -8.18649162e-001  -8.18768832e-001 -8.56734269e-001 -8.56844435e-001  -8.56907498e-001 -8.56342187e-001 -8.56443446e-001  -8.56498699e-001 -8.95691200e-001 -8.95745614e-001  -8.95771767e-001 -8.39060963e-001 -8.39128832e-001  -8.39162484e-001
 -8.95944408e-001 -8.95979933e-001  -8.95994349e-001 -8.04112481e-001 -8.04162576e-001  -8.04185230e-001 -8.88734605e-001 -8.88759661e-001  -8.88768234e-001 -7.61624141e-001 -7.61662586e-001  -7.61678475e-001 -8.75032596e-001 -8.75050753e-001  -8.75055980e-001
 -7.14531627e-001 -7.14561764e-001  -7.14573167e-001 -8.49371802e-001 -8.49385084e-001  -8.49388284e-001 -6.63912858e-001 -6.63936868e-001  -6.63945204e-001 -8.07411177e-001 -8.07420865e-001  -8.07422805e-001 -6.10903516e-001 -6.10922882e-001  -6.10929062e-001
 -7.58722295e-001 -7.58729258e-001  -7.58730376e-001 -5.56854980e-001 -5.56870691e-001  -5.56875297e-001 -7.62713838e-001 -7.62718475e-001  -7.62718848e-001 -5.03094701e-001 -5.03107415e-001  -5.03110817e-001 5.36326989e-001 5.36299678e-001  5.36312125e-001
 -4.50806501e-001 -4.50816680e-001  -4.50819127e-001 -3.57511636e-001 -3.57515060e-001  -3.57515395e-001 -4.01198741e-001 -4.01206752e-001  -4.01208431e-001 2.54244198e+000 2.54307517e+000  2.54361738e+000 -3.55868545e-001 -3.55874714e-001  -3.55875785e-001
 3.70754871e+000 3.70760806e+000  3.70796539e+000 -3.16975991e-001 -3.16980613e-001  -3.16981229e-001 2.53079789e+000 2.53177517e+000  2.53248437e+000 -2.86411039e-001 -2.86414387e-001  -2.86414692e-001 1.94186147e+000 1.94335140e+000  1.94432891e+000
 -2.63562444e-001 -2.63564779e-001  -2.63564900e-001 -5.65049272e-001 -5.65048414e-001  -5.65047986e-001 -2.44339161e-001 -2.44340751e-001  -2.44340782e-001 -5.21271855e-001 -5.21271983e-001  -5.21272058e-001 -2.24579989e-001 -2.24581091e-001  -2.24581079e-001
 -4.74376085e-001 -4.74375578e-001  -4.74375661e-001 -2.04731983e-001 -2.04732770e-001  -2.04732726e-001 -3.93835572e-001 -3.93816452e-001  -3.93807793e-001 -1.92005926e-001 -1.92006283e-001  -1.92006172e-001 -4.88289661e-001 -4.88001991e-001  -4.87848759e-001
 -1.83788256e-001 -1.83787905e-001  -1.83787651e-001 -2.33442685e-001 -2.33344098e-001  -2.33295391e-001 -1.38215625e-001 -1.38215568e-001  -1.38215522e-001 3.90987510e-001 3.91010428e-001  3.91028679e-001 1.50869587e-001 1.50867653e-001  1.50866825e-001
 3.64690035e+000 3.64615243e+000  3.64546015e+000 5.01326006e-001 5.01284823e-001  5.01265112e-001 3.39409416e+000 3.39425226e+000  3.39427231e+000 2.77633035e+000 2.77556051e+000  2.77540636e+000 2.64315302e+000 2.64315229e+000  2.64313864e+000
 4.77511001e+000 4.77379793e+000  4.77302680e+000 -7.19266849e-001 -7.19322392e-001  -7.19373942e-001 -7.57575633e-001 -7.57631239e-001  -7.57670172e-001 -7.45740768e-001 -7.45775756e-001  -7.45794125e-001 -7.08488311e-001 -7.08516943e-001  -7.08529921e-001
 -6.57555246e-001 -6.57583230e-001  -6.57595756e-001 -5.54679199e-001 -5.54705417e-001  -5.54716254e-001 -4.43355007e-001 -4.43369128e-001  -4.43372988e-001 -1.86890455e-001 -1.86885346e-001  -1.86879225e-001
 -4.13793103e-001 -4.13793103e-001  -4.13793103e-001 -4.48275862e-001 -4.48275862e-001  -4.48275862e-001 -4.82758621e-001 -4.82758621e-001  -4.82758621e-001 -5.17241379e-001 -5.17241379e-001  -5.17241379e-001 -5.51724138e-001 -5.51724138e-001  -5.51724138e-001
 -5.86206897e-001 -5.86206897e-001  -5.86206897e-001 -6.20689655e-001 -6.20689655e-001  -6.20689655e-001 -6.55172414e-001 -6.55172414e-001  -6.55172414e-001 -6.89655172e-001 -6.89655172e-001  -6.89655172e-001 -7.24137931e-001 -7.24137931e-001  -7.24137931e-001
 -7.58620690e-001 -7.58620690e-001  -7.58620690e-001 -7.93103448e-001 -7.93103448e-001  -7.93103448e-001 -8.27586207e-001 -8.27586207e-001  -8.27586207e-001 -8.62068966e-001 -8.62068966e-001  -8.62068966e-001 -8.96551724e-001 -8.96551724e-001  -8.96551724e-001
 -9.31034483e-001 -9.31034483e-001  -9.31034483e-001 -9.65517241e-001 -9.65517241e-001  -9.65517241e-001 -1.00000000e+000 -1.00000000e+000  -1.00000000e+000 -1.03448276e+000 -1.03448276e+000  -1.03448276e+000 -1.06896552e+000 -1.06896552e+000  -1.06896552e+000
 -1.10344828e+000 -1.10344828e+000  -1.10344828e+000 -1.13793103e+000 -1.13793103e+000  -1.13793103e+000 -1.17241379e+000 -1.17241379e+000  -1.17241379e+000 -1.20689655e+000 -1.20689655e+000  -1.20689655e+000 -1.24137931e+000 -1.24137931e+000  -1.24137931e+000
 -1.27586207e+000 -1.27586207e+000  -1.27586207e+000 -1.31034483e+000 -1.31034483e+000  -1.31034483e+000 -1.34482759e+000 -1.34482759e+000  -1.34482759e+000 -1.37931034e+000 -1.37931034e+000  -1.37931034e+000 -1.41379310e+000 -1.41379310e+000  -1.41379310e+000
 -1.44827586e+000 -1.44827586e+000  -1.44827586e+000 -1.48275862e+000 -1.48275862e+000  -1.48275862e+000 -1.51724138e+000 -1.51724138e+000  -1.51724138e+000 -1.55172414e+000 -1.55172414e+000  -1.55172414e+000 -1.58620690e+000 -1.58620690e+000  -1.58620690e+000
 -1.62068966e+000 -1.62068966e+000  -1.62068966e+000 -1.65517241e+000 -1.65517241e+000  -1.65517241e+000 -1.68965517e+000 -1.68965517e+000  -1.68965517e+000 -1.72413793e+000 -1.72413793e+000  -1.72413793e+000 -1.75862069e+000 -1.75862069e+000  -1.75862069e+000
 -1.79310345e+000 -1.79310345e+000  -1.79310345e+000 -1.82758621e+000 -1.82758621e+000  -1.82758621e+000 -1.86206897e+000 -1.86206897e+000  -1.86206897e+000 -1.89655172e+000 -1.89655172e+000  -1.89655172e+000 -1.93103448e+000 -1.93103448e+000  -1.93103448e+000
 -1.96551724e+000 -1.96551724e+000  -1.96551724e+000 -2.00000000e+000 -2.00000000e+000  -2.00000000e+000 -2.03448276e+000 -2.03448276e+000  -2.03448276e+000 -2.06896552e+000 -2.06896552e+000  -2.06896552e+000 -2.10344828e+000 -2.10344828e+000  -2.10344828e+000
 -2.13793103e+000 -2.13793103e+000  -2.13793103e+000 0.00000000e+000 0.00000000e+000  0.00000000e+000 0.00000000e+000 0.00000000e+000  0.00000000e+000 0.00000000e+000 0.00000000e+000  0.00000000e+000 0.00000000e+000 0.00000000e+000  0.00000000e+000
 0.00000000e+000 0.00000000e+000  0.00000000e+000 0.00000000e+000 0.00000000e+000  0.00000000e+000 0.00000000e+000 0.00000000e+000  0.00000000e+000 0.00000000e+000 0.00000000e+000  0.00000000e+000
 -8.54374214e-002 -8.55082606e-002  -8.55509819e-002 -1.39285280e-001 -1.39324617e-001  -1.39347130e-001 -7.67896524e-002 -7.68258096e-002  -7.68455346e-002 -2.95453604e-002 -2.95647909e-002  -2.95741276e-002 1.92344391e-002 1.92102043e-002  1.91981906e-002
 1.03352301e-001 1.03339615e-001  1.03334469e-001 1.25018670e-001 1.25000782e-001  1.24992695e-001 2.24026991e-001 2.24018043e-001  2.24014983e-001 2.25355435e-001 2.25341706e-001  2.25336034e-001 3.30924641e-001 3.30918157e-001  3.30916291e-001
 3.17071196e-001 3.17060434e-001  3.17056363e-001 4.26209116e-001 4.26204373e-001  4.26203231e-001 4.00455242e-001 4.00446668e-001  4.00443692e-001 5.11424803e-001 5.11421343e-001  5.11420651e-001 4.76789886e-001 4.76782970e-001  4.76780764e-001
 5.94689889e-001 5.94687402e-001  5.94687003e-001 5.47577718e-001 5.47572107e-001  5.47570463e-001 7.19862947e-001 7.19861291e-001  7.19861158e-001 6.14278239e-001 6.14273699e-001  6.14272484e-001 2.04634993e+000 2.04634017e+000  2.04634461e+000
 6.78094667e-001 6.78091032e-001  6.78090159e-001 6.80063716e-001 6.80062493e-001  6.80062373e-001 7.39687080e-001 7.39684219e-001  7.39683620e-001 -2.83161742e-002 -2.80900975e-002  -2.78965339e-002 7.98801256e-001 7.98799053e-001  7.98798671e-001
 -3.55286274e-003 -3.53170750e-003  -3.40414420e-003 8.53866843e-001 8.53865192e-001  8.53864972e-001 1.56759812e+000 1.56794706e+000  1.56820024e+000 9.02084839e-001 9.02083643e-001  9.02083535e-001 2.41103651e+000 2.41156851e+000  2.41191747e+000
 9.41710447e-001 9.41709613e-001  9.41709569e-001 8.33194092e-001 8.33194398e-001  8.33194551e-001 9.77213560e-001 9.77212992e-001  9.77212981e-001 8.03586200e-001 8.03586154e-001  8.03586127e-001 1.01998051e+000 1.01998012e+000  1.01998012e+000
 7.65423918e-001 7.65424099e-001  7.65424069e-001 1.07608688e+000 1.07608660e+000  1.07608661e+000 8.71971657e-001 8.71978484e-001  8.71981575e-001 1.13100433e+000 1.13100420e+000  1.13100424e+000 9.12134940e-001 9.12237661e-001  9.12292363e-001
 1.17644237e+000 1.17644249e+000  1.17644258e+000 1.13341451e+000 1.13344971e+000  1.13346710e+000 1.19278444e+000 1.19278446e+000  1.19278448e+000 9.39468617e-001 9.39476800e-001  9.39483315e-001 1.03944798e+000 1.03944729e+000  1.03944700e+000
 8.89688877e-001 8.89421848e-001  8.89174707e-001 1.48064138e+000 1.48062667e+000  1.48061964e+000 9.20759247e-001 9.20815707e-001  9.20822864e-001 1.89081612e+000 1.89054120e+000  1.89048617e+000 1.74368410e+000 1.74368384e+000  1.74367896e+000
 2.42619979e+000 2.42573128e+000  2.42545600e+000 -5.22345175e-001 -5.22365005e-001  -5.22383408e-001 -3.35176043e-001 -3.35195898e-001  -3.35209796e-001 -2.77940818e-001 -2.77953312e-001  -2.77959869e-001 -2.60137488e-001 -2.60147713e-001  -2.60152346e-001
 -2.53734584e-001 -2.53744577e-001  -2.53749048e-001 -2.58366124e-001 -2.58375486e-001  -2.58379355e-001 -2.17682095e-001 -2.17687138e-001  -2.17688516e-001 -9.62288545e-002 -9.62270306e-002  -9.62248456e-002
 1.81406933e-001 1.81285209e-001  1.81210816e-001 -1.05693892e-001 -1.05761479e-001  -1.05800727e-001 -1.59236960e-001 -1.59299081e-001  -1.59333511e-001 -4.66786641e-001 -4.66820016e-001  -4.66836366e-001 -3.64221302e-001 -3.64262935e-001  -3.64283959e-001
 -7.03337956e-001 -7.03359743e-001  -7.03368802e-001 -5.18290278e-001 -5.18321007e-001  -5.18335199e-001 -9.05440873e-001 -9.05456238e-001  -9.05461659e-001 -6.47264687e-001 -6.47288269e-001  -6.47298253e-001 -1.09539391e+000 -1.09540505e+000  -1.09540838e+000
 -7.59801090e-001 -7.59819576e-001  -7.59826765e-001 -1.28199198e+000 -1.28200012e+000  -1.28200218e+000 -8.59661105e-001 -8.59675833e-001  -8.59681107e-001 -1.46799912e+000 -1.46800506e+000  -1.46800632e+000 -9.50236843e-001 -9.50248723e-001  -9.50252647e-001
 -1.63889464e+000 -1.63889891e+000  -1.63889965e+000 -1.03556169e+000 -1.03557133e+000  -1.03557426e+000 -1.73589521e+000 -1.73589806e+000  -1.73589833e+000 -1.11965473e+000 -1.11966252e+000  -1.11966470e+000 -9.66960851e-001 -9.66977634e-001  -9.66970381e-001
 -1.20544927e+000 -1.20545551e+000  -1.20545709e+000 -2.05586003e+000 -2.05586213e+000  -2.05586236e+000 -1.29415827e+000 -1.29416318e+000  -1.29416427e+000 -1.97393181e+000 -1.97354324e+000  -1.97320859e+000 -1.38528402e+000 -1.38528781e+000  -1.38528852e+000
 -8.64413500e-001 -8.64376298e-001  -8.64158212e-001 -1.47696144e+000 -1.47696428e+000  -1.47696470e+000 -1.99799421e+000 -1.99739466e+000  -1.99695574e+000 -1.56619247e+000 -1.56619452e+000  -1.56619474e+000 -2.78044740e+000 -2.77953350e+000  -2.77892738e+000
 -1.64922821e+000 -1.64922964e+000  -1.64922974e+000 -2.29184947e+000 -2.29184894e+000  -2.29184868e+000 -1.72297092e+000 -1.72297190e+000  -1.72297193e+000 -2.27614923e+000 -2.27614931e+000  -2.27614935e+000 -1.78581861e+000 -1.78581929e+000  -1.78581929e+000
 -2.21518777e+000 -2.21518746e+000  -2.21518751e+000 -1.83804243e+000 -1.83804292e+000  -1.83804290e+000 -2.05236778e+000 -2.05235605e+000  -2.05235063e+000 -1.88874719e+000 -1.88874741e+000  -1.88874735e+000 -2.13450046e+000 -2.13432404e+000  -2.13422858e+000
 -1.96325140e+000 -1.96325118e+000  -1.96325102e+000 -2.37070026e+000 -2.37063982e+000  -2.37060944e+000 -2.04838335e+000 -2.04838331e+000  -2.04838329e+000 -2.48536819e+000 -2.48535413e+000  -2.48534285e+000 -2.01306208e+000 -2.01306327e+000  -2.01306379e+000
 -2.56345053e+000 -2.56390968e+000  -2.56433659e+000 -8.01383866e-001 -8.01409193e-001  -8.01421600e-001 -1.98142336e+000 -1.98132661e+000  -1.98131329e+000 -9.42414995e-001 -9.42885476e-001  -9.42983835e-001 -1.84127019e+000 -1.84127068e+000  -1.84127902e+000
 -7.29995356e-001 -7.30798292e-001  -7.31275352e-001 1.70955116e-001 1.70921020e-001  1.70889235e-001 5.01780280e-002 5.01439188e-002  5.01198109e-002 -8.09756568e-002 -8.09971042e-002  -8.10085422e-002 -1.10555607e-001 -1.10573155e-001  -1.10581264e-001
 -1.08330519e-001 -1.08347669e-001  -1.08355498e-001 -1.03259401e-001 -1.03275465e-001  -1.03282253e-001 -8.75759631e-002 -8.75846101e-002  -8.75870615e-002 -3.57487395e-002 -3.57455938e-002  -3.57418224e-002
 -1.17188605e+000 -1.17193182e+000  -1.17195940e+000 -8.97377585e-001 -8.97403005e-001  -8.97417546e-001 -8.05634226e-001 -8.05657597e-001  -8.05670343e-001 -5.31599821e-001 -5.31612387e-001  -5.31618428e-001 -6.05962347e-001 -6.05978018e-001  -6.05985789e-001
 -3.36747799e-001 -3.36756008e-001  -3.36759345e-001 -4.81133578e-001 -4.81145150e-001  -4.81150387e-001 -1.97805158e-001 -1.97810952e-001  -1.97812941e-001 -3.96729361e-001 -3.96738245e-001  -3.96741923e-001 -8.21533659e-002 -8.21575664e-002  -8.21587835e-002
 -3.38169303e-001 -3.38176269e-001  -3.38178912e-001 2.50732484e-002 2.50701745e-002  2.50694265e-002 -2.97353918e-001 -2.97359470e-001  -2.97361405e-001 1.29219780e-001 1.29217537e-001  1.29217081e-001 -2.68149397e-001 -2.68153877e-001  -2.68155313e-001
 2.13507868e-001 2.13506255e-001  2.13505990e-001 -2.44950640e-001 -2.44954275e-001  -2.44955348e-001 2.02267101e-001 2.02266026e-001  2.02265934e-001 -2.22838950e-001 -2.22841893e-001  -2.22842687e-001 4.24559359e-001 4.24552979e-001  4.24555759e-001
 -1.98429573e-001 -1.98431929e-001  -1.98432502e-001 4.16792304e-001 4.16791510e-001  4.16791429e-001 -1.70622958e-001 -1.70624814e-001  -1.70625208e-001 2.07801408e+000 2.07815982e+000  2.07828444e+000 -1.40883776e-001 -1.40885205e-001  -1.40885459e-001
 3.34317545e+000 3.34318860e+000  3.34327042e+000 -1.13008351e-001 -1.13009423e-001  -1.13009570e-001 4.54768641e+000 4.54791170e+000  4.54807499e+000 -9.20965854e-002 -9.20973618e-002  -9.20974364e-002 5.75944770e+000 5.75979136e+000  5.76001662e+000
 -8.18416648e-002 -8.18422065e-002  -8.18422378e-002 -5.71354554e-002 -5.71352574e-002  -5.71351587e-002 -8.11866199e-002 -8.11869888e-002  -8.11869984e-002 -1.71551903e-001 -1.71551932e-001  -1.71551950e-001 -8.56347398e-002 -8.56349957e-002  -8.56349947e-002
 -3.38972816e-001 -3.38972698e-001  -3.38972716e-001 -9.26101847e-002 -9.26103676e-002  -9.26103589e-002 -6.55559125e-001 -6.55554708e-001  -6.55552707e-001 -1.03252609e-001 -1.03252693e-001  -1.03252668e-001 -9.50006472e-001 -9.49940053e-001  -9.49904676e-001
 -9.69265492e-002 -9.69264684e-002  -9.69264100e-002 -6.44157782e-001 -6.44135016e-001  -6.44123767e-001 -3.05435786e-002 -3.05435654e-002  -3.05435549e-002 -4.08974679e-001 -4.08969400e-001  -4.08965202e-001 1.61580845e-001 1.61580398e-001  1.61580207e-001
 1.30589917e+000 1.30572707e+000  1.30556795e+000 -8.23303210e-001 -8.23312727e-001  -8.23317288e-001 1.25011605e+000 1.25015265e+000  1.25015741e+000 1.99705290e+000 1.99687486e+000  1.99683890e+000 2.24197998e+000 2.24197984e+000  2.24197671e+000
 4.38521726e+000 4.38491453e+000  4.38473676e+000 -1.16281829e+000 -1.16283107e+000  -1.16284291e+000 -9.94772251e-001 -9.94785069e-001  -9.94794031e-001 -7.83984907e-001 -7.83992983e-001  -7.83997221e-001 -7.08004178e-001 -7.08010790e-001  -7.08013789e-001
 -6.60741565e-001 -6.60748029e-001  -6.60750923e-001 -5.80129393e-001 -5.80135450e-001  -5.80137957e-001 -4.82916152e-001 -4.82919418e-001  -4.82920315e-001 -2.07436240e-001 -2.07435065e-001  -2.07433659e-001
 -1.17857215e+000 -1.17875116e+000  -1.17885646e+000 -1.16330591e+000 -1.16340527e+000  -1.16346057e+000 -1.23907877e+000 -1.23917005e+000  -1.23921832e+000 -1.28460382e+000 -1.28465283e+000  -1.28467544e+000 -1.33523958e+000 -1.33530071e+000  -1.33532987e+000
 -1.40249408e+000 -1.40252604e+000  -1.40253830e+000 -1.42719643e+000 -1.42724152e+000  -1.42726098e+000 -1.51555950e+000 -1.51558201e+000  -1.51558915e+000 -1.51221935e+000 -1.51225392e+000  -1.51226744e+000 -1.62925259e+000 -1.62926889e+000  -1.62927313e+000
 -1.59041711e+000 -1.59044419e+000  -1.59045379e+000 -1.75054179e+000 -1.75055370e+000  -1.75055622e+000 -1.66246603e+000 -1.66248759e+000  -1.66249453e+000 -1.88708357e+000 -1.88709225e+000  -1.88709372e+000 -1.72953289e+000 -1.72955027e+000  -1.72955535e+000
 -2.03865993e+000 -2.03866616e+000  -2.03866695e+000 -1.79305953e+000 -1.79307362e+000  -1.79307735e+000 -2.19193894e+000 -2.19194309e+000  -2.19194326e+000 -1.85430042e+000 -1.85431181e+000  -1.85431452e+000 -3.61003027e+000 -3.61005420e+000  -3.61004109e+000
 -1.91359872e+000 -1.91360783e+000  -1.91360974e+000 -2.29813156e+000 -2.29813462e+000  -2.29813481e+000 -1.96959103e+000 -1.96959820e+000  -1.96959946e+000 -8.07758199e-001 -8.07184066e-001  -8.06696541e-001 -2.01867888e+000 -2.01868439e+000  -2.01868515e+000
 -3.22670180e+000 -3.22664532e+000  -3.22631334e+000 -2.05564834e+000 -2.05565247e+000  -2.05565287e+000 -1.44847058e+000 -1.44758664e+000  -1.44695475e+000 -2.07708463e+000 -2.07708762e+000  -2.07708777e+000 -1.25814387e+000 -1.25679758e+000  -1.25593164e+000
 -2.08704002e+000 -2.08704210e+000  -2.08704212e+000 -1.23959234e+000 -1.23959156e+000  -1.23959119e+000 -2.09810931e+000 -2.09811073e+000  -2.09811069e+000 -1.49905643e+000 -1.49905655e+000  -1.49905661e+000 -2.12300589e+000 -2.12300687e+000  -2.12300682e+000
 -1.41407476e+000 -1.41407431e+000  -1.41407441e+000 -2.15988507e+000 -2.15988577e+000  -2.15988570e+000 -7.57903960e-001 -7.57886744e-001  -7.57879295e-001 -2.16693242e+000 -2.16693274e+000  -2.16693262e+000 6.91310710e-001 6.91570096e-001  6.91703824e-001
 -2.13656787e+000 -2.13656755e+000  -2.13656733e+000 2.59244773e-001 2.59333691e-001  2.59376038e-001 -2.28233847e+000 -2.28233842e+000  -2.28233838e+000 1.40206939e-001 1.40227697e-001  1.40244048e-001 -2.92220777e+000 -2.92220951e+000  -2.92221021e+000
 -7.87096824e-001 -7.87775150e-001  -7.88399088e-001 -3.55312952e+000 -3.55316636e+000  -3.55318308e+000 -1.96255566e-001 -1.96113404e-001  -1.96099629e-001 -4.70599044e+000 -4.70668628e+000  -4.70681001e+000 -1.11127269e+000 -1.11127343e+000  -1.11128611e+000
 -8.48694918e+000 -8.48813984e+000  -8.48882595e+000 -2.62873152e-001 -2.62923543e-001  -2.62970026e-001 -1.53475063e-001 -1.53525366e-001  -1.53560018e-001 -1.07798390e-001 -1.07829977e-001  -1.07846044e-001 -9.84068332e-002 -9.84326624e-002  -9.84438886e-002
 -9.65973820e-002 -9.66226250e-002  -9.66334493e-002 -9.94145482e-002 -9.94381888e-002  -9.94474905e-002 -8.06420258e-002 -8.06547420e-002  -8.06579058e-002 -3.21009975e-002 -3.20963757e-002  -3.20908434e-002
 -8.93759114e-001 -8.93631289e-001 -8.93528678e-001 -8.51921252e-001 -8.51803465e-001 -8.51758655e-001
 -7.21520919e-001 -7.21446793e-001 -7.21387467e-001 -9.02433781e-001 -9.02365375e-001 -9.02339586e-001
 -6.31739232e-001 -6.31672599e-001 -6.31619259e-001 -1.02897861e+000 -1.02891708e+000 -1.02889382e+000
 -3.52006399e-001 -3.51966414e-001 -3.51934517e-001 -1.12596989e+000 -1.12593289e+000 -1.12591904e+000
 -4.13391035e-001 -4.13343430e-001 -4.13305361e-001 -1.13924851e+000 -1.13920448e+000 -1.13918785e+000
 -9.76629618e-002 -9.76344258e-002 -9.76116955e-002 -1.26077479e+000 -1.26074834e+000 -1.26073845e+000
 -2.39026601e-001 -2.38988607e-001 -2.38958231e-001 -1.19869223e+000 -1.19865705e+000 -1.19864374e+000
 8.62254961e-002 8.62471304e-002 8.62643480e-002 -1.35664873e+000 -1.35662865e+000 -1.35662114e+000
 -1.02093079e-001 -1.02061372e-001 -1.02036020e-001 -1.22337426e+000 -1.22334488e+000 -1.22333374e+000
 2.25112282e-001 2.25128831e-001 2.25141994e-001 -1.43404044e+000 -1.43402505e+000 -1.43401930e+000
 3.53254690e-003 3.55961672e-003 3.58126788e-003 -1.22397918e+000 -1.22395407e+000 -1.22394452e+000
 3.36960397e-001 3.36972965e-001 3.36982955e-001 -1.50561186e+000 -1.50560016e+000 -1.50559578e+000
 8.37759694e-002 8.37994424e-002 8.38182258e-002 -1.20834794e+000 -1.20832616e+000 -1.20831785e+000
 4.32087033e-001 4.32096421e-001 4.32103880e-001 -1.57646535e+000 -1.57645659e+000 -1.57645331e+000
 1.44279043e-001 1.44299614e-001 1.44316085e-001 -1.18217432e+000 -1.18215522e+000 -1.18214791e+000
 5.15378041e-001 5.15385036e-001 5.15390595e-001 -1.62219332e+000 -1.62218679e+000 -1.62218433e+000
 1.90504407e-001 1.90522521e-001 1.90537034e-001 -1.14928065e+000 -1.14926383e+000 -1.14925737e+000
 5.97113828e-001 5.97119419e-001 5.97123866e-001 -1.52893301e+000 -1.52892778e+000 -1.52892580e+000
 2.27421588e-001 2.27437526e-001 2.27450304e-001 -1.11161819e+000 -1.11160338e+000 -1.11159767e+000
 9.43159588e-001 9.43224480e-001 9.43276777e-001 -1.46302662e+000 -1.46296525e+000 -1.46294018e+000
 2.58548922e-001 2.58562887e-001 2.58574091e-001 -1.06901791e+000 -1.06900493e+000 -1.06899990e+000
 6.20980493e-001 6.20984138e-001 6.20987023e-001 -1.66597899e+000 -1.66597557e+000 -1.66597429e+000
 2.84887831e-001 2.84900013e-001 2.84909793e-001 -1.01892634e+000 -1.01891501e+000 -1.01891061e+000
 2.29526757e+000 2.29570058e+000 2.29603718e+000 -3.64015888e-001 -3.63613260e-001 -3.63476665e-001
 3.04297562e-001 3.04308171e-001 3.04316693e-001 -9.56365436e-001 -9.56355567e-001 -9.56351725e-001
 1.87060299e+000 1.87165880e+000 1.87249137e+000 -1.89280661e+000 -1.89182541e+000 -1.89147173e+000
 3.11668897e-001 3.11678156e-001 3.11685597e-001 -8.74696626e-001 -8.74688012e-001 -8.74684650e-001
 2.52701396e+000 2.52827676e+000 2.52926728e+000 4.93238020e-001 4.94406137e-001 4.94812886e-001
 3.00700306e-001 3.00708427e-001 3.00714956e-001 -7.68580654e-001 -7.68573099e-001 -7.68570144e-001
 3.25500280e+000 3.25629478e+000 3.25730692e+000 1.64677686e+000 1.64797220e+000 1.64838632e+000
 2.68960486e-001 2.68967660e-001 2.68973431e-001 -6.40640852e-001 -6.40634179e-001 -6.40631564e-001
 7.57491069e-002 7.57529242e-002 7.57559194e-002 1.60638497e-001 1.60642047e-001 1.60643303e-001
 2.24813733e-001 2.24820158e-001 2.24825330e-001 -5.08812164e-001 -5.08806190e-001 -5.08803841e-001
 -1.86337458e-002 -1.86300763e-002 -1.86271732e-002 -1.75565034e-002 -1.75530933e-002 -1.75518471e-002
 1.84943003e-001 1.84948902e-001 1.84953659e-001 -4.00653433e-001 -4.00647948e-001 -4.00645781e-001
 -1.30314232e-001 -1.30309326e-001 -1.30305426e-001 2.52424905e-001 2.52429452e-001 2.52431135e-001
 1.55950194e-001 1.55955783e-001 1.55960298e-001 -3.19835406e-001 -3.19830210e-001 -3.19828145e-001
 1.95777969e-001 1.95796734e-001 1.95811744e-001 9.08832242e-001 9.08849470e-001 9.08855873e-001
 1.14388872e-001 1.14394315e-001 1.14398717e-001 -1.94085881e-001 -1.94080824e-001 -1.94078804e-001
 1.10418939e+000 1.10429523e+000 1.10438041e+000 1.98309402e+000 1.98318961e+000 1.98322469e+000
 5.40221699e-002 5.40273141e-002 5.40314776e-002 1.54676701e-002 1.54724472e-002 1.54743574e-002
 6.05010202e-001 6.05063172e-001 6.05105296e-001 1.44354507e+000 1.44359333e+000 1.44361051e+000
 1.47011683e-002 1.47050249e-002 1.47081463e-002 1.81139755e-004 1.84727084e-004 1.86166727e-004
 4.31255581e-001 4.31311672e-001 4.31355807e-001 -9.84978988e-003 -9.79838687e-003 -9.78067669e-003
 -3.43172498e-002 -3.43148426e-002 -3.43128903e-002 -8.22273325e-001 -8.22271069e-001 -8.22270143e-001
 -2.85794881e+000 -2.85672161e+000 -2.85575668e+000 7.41064894e-001 7.42196371e-001 7.42591145e-001
 -1.29662436e-001 -1.29637653e-001 -1.29617054e-001 -1.65865409e+000 -1.65863081e+000 -1.65862031e+000
 -8.21419055e-001 -8.19812693e-001 -8.18547751e-001 2.72150939e+000 2.72298688e+000 2.72350257e+000
 4.41279735e-001 4.42434621e-001 4.43365823e-001 -2.75621095e+000 -2.75514871e+000 -2.75473894e+000
 -1.45810000e+000 -1.45641522e+000 -1.45508875e+000 1.53229751e+000 1.53384728e+000 1.53438793e+000
 -4.52229864e+000 -4.52083310e+000 -4.51966450e+000 -2.05329321e+000 -2.05194359e+000 -2.05144497e+000
 -5.98510537e-001 -5.98378057e-001 -5.98273215e-001 1.55932482e-001 1.56054272e-001 1.56097658e-001
 -3.44657033e-001 -3.44516349e-001 -3.44405400e-001 -9.43215829e-002 -9.41921907e-002 -9.41467322e-002
 -1.19138391e-001 -1.19009225e-001 -1.18907639e-001 -1.89570427e-001 -1.89451529e-001 -1.89410169e-001
 -5.63350324e-002 -5.61997137e-002 -5.60933485e-002 -1.89090872e-001 -1.88966285e-001 -1.88923034e-001
 -4.68135696e-002 -4.66605060e-002 -4.65401833e-002 -1.68048644e-001 -1.67907723e-001 -1.67858787e-001
 -2.47827369e-002 -2.45958607e-002 -2.44489426e-002 -1.45107746e-001 -1.44935691e-001 -1.44875912e-001
 9.43742243e-003 9.69333750e-003 9.89457454e-003 -8.19924404e-002 -8.17568636e-002 -8.16749767e-002
 2.30955061e-002 2.36483819e-002 2.40834105e-002 -1.28520952e-002 -1.23433956e-002 -1.21662860e-002
