No 	 index 	 actual outputs 			 predictions 
 1 396         1.00000       11.42242 
 2 82         1.00000        2.88378 
 3 100         1.00000        5.04491 
 4 12         2.00000        0.42764 
 5 1         2.00000        6.65528 
 6 190         2.00000        3.99770 
 7 32         3.00000       17.16965 
 8 149         3.00000        9.16729 
 9 8         4.00000       13.58990 
 10 83         4.00000        8.77785 
 11 412         5.00000        8.02437 
 12 6         5.00000        3.38173 
 13 7         9.00000       17.01242 
 14 35         9.00000       10.37896 
 15 37        11.00000       17.62150 
 16 39        12.00000       10.31860 
 17 185        12.00000        9.60047 
 18 336        15.00000       26.07577 
 19 186        15.00000       20.05149 
 20 3        19.00000       22.65173 
 21 33        23.00000       33.79744 
 22 397        24.00000       29.68215 
 23 337        32.00000       47.42987 
 24 282        36.00000       50.25694 
 25 150        36.00000       43.51798 
 26 281        38.00000       53.01626 
 27 411        46.00000       53.92415 
 28 38        59.00000       54.44050 
 29 184        75.00000       89.61795 
 30 40        80.00000       93.66978 
 31 4        91.00000      101.25752 
 32 296       196.00000      208.61347 
 33 295       209.00000      228.88423 
 34 234       239.00000      252.65645 
 35 209         1.00000        5.73876 
 36 85         1.00000        8.26863 
 37 75         1.00000        4.28353 
 38 76         1.00000        3.15583 
 39 283         2.00000        9.94695 
 40 315         2.00000        1.22565 
 41 356         2.00000       10.68984 
 42 24         2.00000        0.49058 
 43 36         2.00000        4.82264 
 44 120         2.00000        3.83324 
 45 68         3.00000        4.39417 
 46 96         3.00000        7.46749 
 47 89         3.00000        3.38247 
 48 304         4.00000       12.18074 
 49 154         4.00000       11.48305 
 50 127         4.00000        5.93535 
 51 121         4.00000        9.24348 
 52 222         5.00000       12.94788 
 53 230         5.00000       13.45204 
 54 48         5.00000       11.81509 
 55 87         5.00000       12.50014 
 56 187         5.00000        2.62429 
 57 203         6.00000        1.62360 
 58 13         6.00000       24.62172 
 59 114         6.00000       12.89612 
 60 180         6.00000       23.22371 
 61 126         6.00000        6.62972 
 62 302         7.00000       21.10449 
 63 49         7.00000        9.42193 
 64 17         7.00000        3.14295 
 65 91         7.00000        2.78993 
 66 204         8.00000       12.69997 
 67 14         8.00000       12.70422 
 68 198         9.00000       25.24741 
 69 27         9.00000        7.22505 
 70 311        10.00000       27.46991 
 71 341        10.00000       12.81097 
 72 349        10.00000       21.57139 
 73 318        10.00000       21.45497 
 74 30        10.00000       16.49956 
 75 63        11.00000       12.11409 
 76 188        11.00000       15.01776 
 77 259        12.00000       41.04016 
 78 227        12.00000        4.45107 
 79 323        12.00000       11.83207 
 80 153        12.00000       11.62347 
 81 178        12.00000        9.51953 
 82 115        12.00000       15.42653 
 83 369        13.00000       39.22493 
 84 196        13.00000       17.31583 
 85 69        13.00000       10.62665 
 86 172        13.00000       21.43318 
 87 106        13.00000       25.50490 
 88 392        14.00000       33.57254 
 89 342        14.00000       25.78466 
 90 31        14.00000       23.92774 
 91 157        14.00000       44.04896 
 92 119        14.00000        0.30186 
 93 110        14.00000        8.28224 
 94 310        15.00000       30.60276 
 95 28        15.00000       27.49548 
 96 21        15.00000       30.60552 
 97 179        15.00000       10.90080 
 98 102        15.00000       19.93635 
 99 44        16.00000       18.59536 
 100 174        16.00000       32.08708 
 101 201        17.00000       28.18060 
 102 217        17.00000       22.44123 
 103 398        17.00000       35.71944 
 104 147        17.00000       10.72352 
 105 279        18.00000       34.96939 
 106 140        18.00000        9.60274 
 107 112        18.00000       31.03201 
 108 139        19.00000       29.62150 
 109 116        19.00000       24.78999 
 110 329        20.00000       38.39713 
 111 56        20.00000       11.58323 
 112 237        21.00000       46.25996 
 113 405        21.00000       55.28238 
 114 305        21.00000       44.44295 
 115 117        21.00000       14.93215 
 116 377        22.00000       46.82249 
 117 58        22.00000       19.87148 
 118 26        22.00000       26.45796 
 119 125        22.00000       31.48501 
 120 355        23.00000       63.09414 
 121 244        23.00000       13.47473 
 122 141        23.00000       15.89934 
 123 357        24.00000       18.53945 
 124 55        24.00000       32.27870 
 125 148        24.00000       24.84236 
 126 72        25.00000       36.46615 
 127 285        26.00000       27.79497 
 128 242        27.00000       64.90867 
 129 51        28.00000       41.46881 
 130 211        29.00000       37.05609 
 131 212        29.00000       33.08021 
 132 59        29.00000       29.99139 
 133 325        30.00000       49.34868 
 134 19        30.00000       20.45536 
 135 170        31.00000       56.64566 
 136 5        32.00000       37.39483 
 137 34        32.00000       24.77369 
 138 346        34.00000       53.49003 
 139 297        35.00000       54.85332 
 140 233        35.00000       49.09957 
 141 410        36.00000       57.64052 
 142 252        36.00000       41.65979 
 143 118        36.00000       66.95494 
 144 351        37.00000       32.37865 
 145 319        37.00000       44.89258 
 146 45        37.00000       42.48201 
 147 16        38.00000       61.56095 
 148 306        39.00000       60.46709 
 149 344        39.00000       41.86918 
 150 365        40.00000       40.33015 
 151 298        41.00000       60.88007 
 152 98        41.00000       60.90713 
 153 270        42.00000       51.88105 
 154 383        42.00000       48.63222 
 155 290        42.00000       59.40900 
 156 145        42.00000       54.64283 
 157 404        43.00000       56.48093 
 158 213        43.00000       56.23881 
 159 390        44.00000       69.25813 
 160 251        44.00000       36.59755 
 161 378        44.00000       59.88016 
 162 265        45.00000       56.28121 
 163 266        46.00000       66.18814 
 164 104        46.00000       56.05539 
 165 403        47.00000       49.88362 
 166 225        48.00000       57.16078 
 167 65        49.00000       64.51878 
 168 195        50.00000       60.88346 
 169 362        50.00000       70.44552 
 170 308        51.00000       63.63674 
 171 406        51.00000       50.03249 
 172 245        51.00000       66.20392 
 173 360        53.00000       76.50105 
 174 276        54.00000       62.52361 
 175 249        55.00000       66.45034 
 176 366        56.00000       68.45881 
 177 144        56.00000       82.15447 
 178 388        58.00000       80.27430 
 179 385        61.00000       74.92561 
 180 286        62.00000       93.13474 
 181 73        63.00000       85.43593 
 182 275        65.00000       93.58329 
 183 348        66.00000      101.52466 
 184 80        67.00000       89.95007 
 185 182        67.00000       88.52883 
 186 61        69.00000       95.55215 
 187 152        71.00000      101.13322 
 188 235        72.00000      109.37232 
 189 175        72.00000       85.27193 
 190 331        74.00000       82.05956 
 191 272        76.00000       84.76218 
 192 54        76.00000       90.45739 
 193 92        77.00000       93.58776 
 194 47        79.00000       95.69966 
 195 239        83.00000       97.83607 
 196 359        84.00000      103.40344 
 197 246        85.00000       93.62437 
 198 258        87.00000       98.26008 
 199 339        87.00000      110.43670 
 200 66        94.00000      103.29627 
 201 260        96.00000      103.53211 
 202 373        98.00000      106.49864 
 203 386       100.00000      115.63151 
 204 124       107.00000      121.23021 
 205 219       115.00000      140.75224 
 206 393       133.00000      160.74059 
 207 280       139.00000      169.20003 
 208 313       142.00000      168.67286 
 209 273       143.00000      166.57956 
 210 287       147.00000      174.94790 
 211 261       151.00000      177.91134 
 212 240       161.00000      184.07210 
 213 353       165.00000      187.34966 
 214 268       172.00000      207.47471 
 215 307       173.00000      202.24017 
 216 375       181.00000      208.39333 
 217 269       185.00000      204.46541 
 218 294       191.00000      208.82631 
 219 288       198.00000      225.87224 
 220 328       201.00000      223.03298 
 221 408       203.00000      224.91714 
 222 248       205.00000      229.65116 
 223 387       207.00000      228.92148 
 224 254       214.00000      219.83444 
 225 241       226.00000      231.45903 
 226 322         1.00000        4.24939 
 227 43         1.00000        6.85735 
 228 202         2.00000        1.51123 
 229 303         2.00000        2.92985 
 230 168         2.00000       11.46072 
 231 146         3.00000       13.45505 
 232 134         3.00000        6.06751 
 233 169         4.00000       12.82148 
 234 299         5.00000        2.79971 
 235 343         5.00000       33.94541 
 236 18         5.00000        4.63457 
 237 316         6.00000        1.44387 
 238 111         6.00000       11.37565 
 239 173         6.00000       26.36890 
 240 50         7.00000       16.59745 
 241 415         8.00000       24.10256 
 242 155         8.00000       13.01647 
 243 132         9.00000       15.90139 
 244 236        10.00000       22.67574 
 245 81        10.00000       23.55475 
 246 143        11.00000       44.29522 
 247 372        12.00000       29.96183 
 248 15        12.00000       17.00628 
 249 90        12.00000       26.34678 
 250 340        13.00000        1.65967 
 251 77        13.00000       36.54015 
 252 135        13.00000        5.55321 
 253 20        14.00000       16.56888 
 254 181        14.00000       29.32608 
 255 197        15.00000       40.95885 
 256 2        15.00000       13.04893 
 257 177        15.00000       25.71051 
 258 156        16.00000       17.87003 
 259 314        17.00000       52.99684 
 260 74        17.00000       13.50390 
 261 137        18.00000       33.02928 
 262 167        19.00000       12.31292 
 263 216        20.00000       34.55544 
 264 278        21.00000       50.87593 
 265 413        21.00000       83.60052 
 266 264        22.00000       63.30408 
 267 41        22.00000       28.56130 
 268 350        23.00000       65.71822 
 269 88        23.00000       73.90474 
 270 9        24.00000       42.96981 
 271 284        25.00000        9.17566 
 272 93        26.00000       29.68703 
 273 136        28.00000       55.62071 
 274 52        29.00000       26.46578 
 275 53        30.00000       13.36343 
 276 224        32.00000       19.94446 
 277 220        34.00000      193.92397 
 278 394        35.00000      143.66202 
 279 333        36.00000      139.36511 
 280 238        37.00000       28.32279 
 281 231        37.00000       18.73005 
 282 193        39.00000       83.46032 
 283 113        39.00000       56.00803 
 284 293        41.00000       51.01748 
 285 379        42.00000       75.72513 
 286 289        42.00000       96.88011 
 287 363        43.00000       41.00931 
 288 291        44.00000       69.01430 
 289 221        45.00000       84.12730 
 290 334        46.00000      127.47138 
 291 207        48.00000      149.22441 
 292 163        49.00000       77.31946 
 293 23        50.00000      113.48971 
 294 384        51.00000       88.39873 
 295 176        53.00000       87.36412 
 296 253        56.00000       51.86749 
 297 376        57.00000       61.70865 
 298 271        61.00000       75.70703 
 299 399        64.00000       65.04808 
 300 60        66.00000       35.90899 
 301 312        69.00000       67.23426 
 302 199        72.00000       46.83024 
 303 159        73.00000       53.48250 
 304 267        76.00000       61.51508 
 305 151        78.00000       98.01305 
 306 301        83.00000      227.95762 
 307 414        86.00000      214.49084 
 308 131        93.00000       63.66121 
 309 214        97.00000      120.43593 
 310 327       100.00000       77.39783 
 311 164       116.00000       86.03652 
 312 200       141.00000      207.46195 
 313 400       143.00000      105.84806 
 314 232       152.00000       67.90954 
 315 381       170.00000      178.20369 
 316 262       180.00000      198.18078 
 317 215       190.00000      242.25567 
 318 367       201.00000      161.26352 
 319 401       204.00000      196.41154 
 320 274       212.00000      223.11475 
 321 347       235.00000      264.82111 
