No 	 index 	 actual outputs 			 predictions 
 1 1         2.00000        5.02172 
 2 3        19.00000       18.17231 
 3 5        32.00000       32.25325 
 4 7         9.00000       15.93427 
 5 9        24.00000       24.38768 
 6 11         7.00000        1.16586 
 7 13         6.00000        9.49223 
 8 15        12.00000       16.89735 
 9 17         7.00000        5.87439 
 10 19        30.00000       27.68765 
 11 21        15.00000       18.52236 
 12 23        50.00000       52.21451 
 13 25         2.00000        1.21970 
 14 27         9.00000        8.54234 
 15 29        30.00000       31.40689 
 16 31        14.00000       15.77675 
 17 33        23.00000       24.99515 
 18 35         9.00000        9.64325 
 19 37        11.00000        8.80126 
 20 39        12.00000       12.97856 
 21 41        22.00000       23.28491 
 22 43         1.00000        0.09811 
 23 45        37.00000       38.36293 
 24 47        79.00000       83.04804 
 25 49         7.00000        7.25410 
 26 51        28.00000       32.55779 
 27 53        30.00000       31.93544 
 28 55        24.00000       26.06340 
 29 57        27.00000       10.43920 
 30 59        29.00000       27.12271 
 31 61        69.00000       69.68234 
 32 63        11.00000        6.92088 
 33 65        49.00000       50.19874 
 34 67        15.00000       10.63591 
 35 69        13.00000       11.38155 
 36 71        34.00000       28.19895 
 37 73        63.00000       56.72998 
 38 75         1.00000        0.15174 
 39 77        13.00000       10.45105 
 40 79        40.00000       42.72600 
 41 81        10.00000       10.95041 
 42 83         4.00000        8.67662 
 43 85         1.00000        1.35049 
 44 87         5.00000        4.21822 
 45 89         3.00000        1.58436 
 46 91         7.00000        1.32557 
 47 93        26.00000       26.77603 
 48 95         3.00000       15.95798 
 49 97        24.00000       19.43109 
 50 99         6.00000        7.30037 
 51 101         4.00000        1.03926 
 52 103        16.00000       21.65771 
 53 105        12.00000       13.51693 
 54 107        17.00000       16.05938 
 55 109        98.00000      101.18743 
 56 111         6.00000        9.03190 
 57 113        39.00000       40.08187 
 58 115        12.00000       12.41194 
 59 117        21.00000       19.94499 
 60 119        14.00000       14.16243 
 61 121         4.00000        3.72964 
 62 123        11.00000       12.17356 
 63 125        22.00000       20.16667 
 64 127         4.00000        4.30555 
 65 129        37.00000       35.96014 
 66 131        93.00000       95.88955 
 67 133         1.00000        5.49008 
 68 135        13.00000        8.25919 
 69 137        18.00000       24.49295 
 70 139        19.00000       13.29135 
 71 141        23.00000       16.21570 
 72 143        11.00000       17.06959 
 73 145        42.00000       43.93780 
 74 147        17.00000       16.15257 
 75 149         3.00000        0.21405 
 76 151        78.00000       80.47927 
 77 153        12.00000       12.72068 
 78 155         8.00000       13.26174 
 79 157        14.00000       15.58152 
 80 159        73.00000       72.94091 
 81 161        14.00000       11.89925 
 82 163        49.00000       51.08457 
 83 165        14.00000       17.09921 
 84 167        19.00000        5.47599 
 85 169         4.00000        3.51486 
 86 171         7.00000        5.30640 
 87 173         6.00000       11.12943 
 88 175        72.00000       71.03040 
 89 177        15.00000       16.36695 
 90 179        15.00000       11.25648 
 91 181        14.00000       11.14558 
 92 183        65.00000       64.78388 
 93 185        12.00000       12.06691 
 94 187         5.00000        3.89755 
 95 189        36.00000       36.13791 
 96 191         5.00000        2.02375 
 97 193        39.00000       37.91579 
 98 195        50.00000       48.55152 
 99 197        15.00000       21.38811 
 100 199        72.00000       67.78163 
 101 201        17.00000       14.78619 
 102 203         6.00000        6.11864 
 103 205        10.00000       18.36816 
 104 207        48.00000       45.28937 
 105 209         1.00000        2.84915 
 106 211        29.00000       31.23065 
 107 213        43.00000       39.78039 
 108 215       190.00000      184.84842 
 109 217        17.00000       14.15068 
 110 219       115.00000      108.77233 
 111 221        45.00000       41.38030 
 112 223        20.00000       13.24696 
 113 225        48.00000       42.19752 
 114 227        12.00000        8.80872 
 115 229        14.00000       12.35801 
 116 231        37.00000       33.83114 
 117 233        35.00000       31.77339 
 118 235        72.00000       64.67833 
 119 237        21.00000       18.63334 
 120 239        83.00000       72.24730 
 121 241       226.00000      218.47867 
 122 243         2.00000        5.71015 
 123 245        51.00000       39.36817 
 124 247        51.00000       43.82739 
 125 249        55.00000       49.85010 
 126 251        44.00000       22.35588 
 127 253        56.00000       50.64413 
 128 255        77.00000       68.25462 
 129 257        30.00000       26.56841 
 130 259        12.00000        8.82594 
 131 261       151.00000      137.08969 
 132 263        54.00000       46.07730 
 133 265        45.00000       39.95493 
 134 267        76.00000       56.17532 
 135 269       185.00000      167.68168 
 136 271        61.00000       53.21105 
 137 273       143.00000      125.91983 
 138 275        65.00000       57.31107 
 139 277        43.00000       35.45571 
 140 279        18.00000       17.32190 
 141 281        38.00000       35.39965 
 142 283         2.00000        6.82189 
 143 285        26.00000       23.69676 
 144 287       147.00000      128.77847 
 145 289        42.00000       34.96016 
 146 291        44.00000       34.25826 
 147 293        41.00000       44.65795 
 148 295       209.00000      202.44162 
 149 297        35.00000       33.08582 
 150 299         5.00000       10.90857 
 151 301        83.00000       84.38830 
 152 303         2.00000        4.01519 
 153 305        21.00000       30.20658 
 154 307       173.00000      180.00058 
 155 309        13.00000       13.57521 
 156 311        10.00000       11.47155 
 157 313       142.00000      149.30253 
 158 315         2.00000        0.09873 
 159 317         8.00000        7.53614 
 160 319        37.00000       41.59910 
 161 321       142.00000      146.51976 
 162 323        12.00000       15.10973 
 163 325        30.00000       37.56407 
 164 327       100.00000      105.97084 
 165 329        20.00000       23.20354 
 166 331        74.00000       75.58565 
 167 333        36.00000       36.74786 
 168 335         6.00000        6.99069 
 169 337        32.00000       15.81484 
 170 339        87.00000       87.06524 
 171 341        10.00000       10.70201 
 172 343         5.00000        4.19055 
 173 345       147.00000      147.53250 
 174 347       235.00000      235.16903 
 175 349        10.00000       19.13125 
 176 351        37.00000       37.01043 
 177 353       165.00000      167.24146 
 178 355        23.00000       27.54781 
 179 357        24.00000       16.32604 
 180 359        84.00000       87.46836 
 181 361       206.00000      207.45732 
 182 363        43.00000       26.79505 
 183 365        40.00000       32.40310 
 184 367       201.00000      197.12907 
 185 369        13.00000       14.44625 
 186 371        84.00000       80.63725 
 187 373        98.00000       94.82637 
 188 375       181.00000      180.98840 
 189 377        22.00000       23.68918 
 190 379        42.00000       40.81819 
 191 381       170.00000      171.36808 
 192 383        42.00000       38.38193 
 193 385        61.00000       62.28341 
 194 387       207.00000      206.07063 
 195 389        50.00000       49.78325 
 196 391        24.00000       32.08460 
 197 393       133.00000      134.84741 
 198 395        36.00000       36.47754 
 199 397        24.00000       25.62982 
 200 399        64.00000       64.64563 
 201 401       204.00000      206.00539 
 202 403        47.00000       47.72923 
 203 405        21.00000       23.29695 
 204 407       192.00000      194.08155 
 205 409       202.00000      202.94237 
 206 411        46.00000       45.85565 
 207 413        21.00000       24.72515 
 208 415         8.00000        9.19003 
 209 82         1.00000        0.60355 
 210 150        36.00000       38.24327 
 211 186        15.00000        8.53925 
 212 282        36.00000       34.66255 
 213 298        41.00000       33.96069 
 214 4        91.00000       89.76176 
 215 8         4.00000       11.35073 
 216 12         2.00000        0.13356 
 217 32         3.00000        7.12220 
 218 100         1.00000        3.19777 
 219 336        15.00000       20.02196 
 220 396         1.00000        0.12642 
 221 2        15.00000        6.58214 
 222 6         5.00000       69.89356 
 223 10        67.00000       25.06665 
 224 14         8.00000        9.82294 
 225 18         5.00000        4.21191 
 226 22        56.00000       31.30331 
 227 26        22.00000       50.17978 
 228 30        10.00000       18.86898 
 229 34        32.00000       13.74702 
 230 38        59.00000       27.79461 
 231 42         5.00000        3.42646 
 232 46        59.00000       77.83055 
 233 50         7.00000       12.99700 
 234 54        76.00000       69.73664 
 235 58        22.00000       17.92906 
 236 62         9.00000        1.55414 
 237 66        94.00000       69.90748 
 238 70        16.00000       15.97725 
 239 74        17.00000       13.69478 
 240 78        10.00000        6.10840 
 241 86         4.00000        0.56326 
 242 90        12.00000       10.05628 
 243 94         6.00000       25.55193 
 244 98        41.00000       72.96049 
 245 102        15.00000        2.25526 
 246 106        13.00000       14.04035 
 247 110        14.00000        5.63096 
 248 114         6.00000       20.80984 
 249 118        36.00000       24.88165 
 250 122        46.00000       12.83887 
 251 126         6.00000       10.77996 
 252 130        62.00000       40.19724 
 253 134         3.00000        4.41373 
 254 138        94.00000      104.04699 
 255 142        22.00000       13.47776 
 256 146         3.00000        3.01329 
 257 154         4.00000       13.43239 
 258 158        41.00000       57.49901 
 259 162        21.00000       22.05154 
 260 166        13.00000       16.79698 
 261 170        31.00000       72.48383 
 262 174        16.00000       30.46076 
 263 178        12.00000       16.13060 
 264 182        67.00000       98.79285 
 265 190         2.00000        7.58303 
 266 194       173.00000      171.33269 
 267 198         9.00000       41.43979 
 268 202         2.00000        0.17551 
 269 206        37.00000       17.68571 
 270 210        12.00000        2.48099 
 271 214        97.00000       83.89060 
 272 218        75.00000       15.98500 
 273 222         5.00000       29.58637 
 274 226        87.00000       53.13934 
 275 230         5.00000       23.84417 
 276 234       239.00000      123.26827 
 277 238        37.00000      105.95523 
 278 242        27.00000       61.54528 
 279 246        85.00000       58.49908 
 280 250        42.00000       39.77035 
 281 254       214.00000      118.77576 
 282 258        87.00000       35.13036 
 283 262       180.00000      184.81423 
 284 266        46.00000       26.66954 
 285 270        42.00000       48.39492 
 286 274       212.00000      193.92653 
 287 278        21.00000       36.40826 
 288 286        62.00000       35.30902 
 289 290        42.00000       34.51587 
 290 294       191.00000      149.10617 
 291 302         7.00000       17.70286 
 292 306        39.00000       87.85142 
 293 310        15.00000       37.08507 
 294 314        17.00000       10.14096 
 295 318        10.00000       20.15851 
 296 322         1.00000       24.32287 
 297 326        39.00000       52.85734 
 298 330        17.00000       32.31961 
 299 334        46.00000       12.80276 
 300 338        43.00000        8.78444 
 301 342        14.00000        4.70286 
 302 346        34.00000        7.07621 
 303 350        23.00000        5.51938 
 304 354       222.00000      222.38202 
 305 358        52.00000       50.30175 
 306 362        50.00000       33.51355 
 307 366        56.00000       84.15672 
 308 370        26.00000       31.01816 
 309 374       162.00000      206.32151 
 310 378        44.00000       21.76257 
 311 382       183.00000      201.31101 
 312 386       100.00000      165.95829 
 313 390        44.00000       78.96557 
 314 394        35.00000        3.25065 
 315 398        17.00000        5.50223 
 316 402        45.00000       31.02707 
 317 406        51.00000       85.16605 
 318 410        36.00000       41.21238 
 319 414        86.00000      188.20834 
