No 	 index 	 actual outputs 			 predictions 
 1 396         1.00000        3.72528 
 2 82         1.00000        2.53455 
 3 100         1.00000        3.19469 
 4 12         2.00000        0.01811 
 5 1         2.00000        3.91669 
 6 190         2.00000        2.45402 
 7 32         3.00000        9.10627 
 8 149         3.00000        4.23012 
 9 8         4.00000        6.91210 
 10 83         4.00000        7.61321 
 11 412         5.00000        2.22014 
 12 6         5.00000        6.65905 
 13 7         9.00000       12.45690 
 14 35         9.00000        9.99737 
 15 37        11.00000       10.54516 
 16 39        12.00000       13.50436 
 17 185        12.00000       13.04916 
 18 336        15.00000       13.80841 
 19 186        15.00000       10.95065 
 20 3        19.00000       18.05132 
 21 33        23.00000       26.24004 
 22 397        24.00000       23.34347 
 23 337        32.00000       31.91418 
 24 282        36.00000       37.05956 
 25 150        36.00000       38.57581 
 26 281        38.00000       37.16751 
 27 411        46.00000       42.69450 
 28 38        59.00000       57.32438 
 29 184        75.00000       74.83338 
 30 40        80.00000       78.62099 
 31 4        91.00000       88.97624 
 32 296       196.00000      193.96401 
 33 295       209.00000      205.04128 
 34 234       239.00000      235.10819 
 35 209         1.00000        4.23282 
 36 85         1.00000        6.63227 
 37 75         1.00000        1.53779 
 38 76         1.00000        0.47636 
 39 283         2.00000        2.63413 
 40 315         2.00000        0.08073 
 41 356         2.00000        7.97046 
 42 24         2.00000        0.02951 
 43 36         2.00000        0.40725 
 44 120         2.00000        5.33767 
 45 68         3.00000        7.06635 
 46 96         3.00000        9.91556 
 47 89         3.00000        5.32339 
 48 304         4.00000        6.14990 
 49 154         4.00000        7.75954 
 50 127         4.00000        2.31309 
 51 121         4.00000       11.62366 
 52 222         5.00000        6.57780 
 53 230         5.00000       10.84271 
 54 48         5.00000       11.06454 
 55 87         5.00000        9.57532 
 56 187         5.00000        0.74471 
 57 203         6.00000        1.69871 
 58 13         6.00000       11.12726 
 59 114         6.00000        5.38837 
 60 180         6.00000       13.87470 
 61 126         6.00000        6.39263 
 62 302         7.00000        6.69130 
 63 49         7.00000        7.33724 
 64 17         7.00000        2.99296 
 65 91         7.00000        4.80166 
 66 204         8.00000        2.98981 
 67 14         8.00000        8.89121 
 68 198         9.00000        7.70218 
 69 27         9.00000        7.41034 
 70 311        10.00000       12.79058 
 71 341        10.00000        5.00417 
 72 349        10.00000       18.54388 
 73 318        10.00000       17.74765 
 74 30        10.00000       10.27698 
 75 63        11.00000       16.98287 
 76 188        11.00000       10.71865 
 77 259        12.00000       19.11804 
 78 227        12.00000        0.02169 
 79 323        12.00000        6.77478 
 80 153        12.00000        9.59404 
 81 178        12.00000        3.65492 
 82 115        12.00000       14.70759 
 83 369        13.00000       24.43352 
 84 196        13.00000       13.81905 
 85 69        13.00000       10.02128 
 86 172        13.00000       13.24226 
 87 106        13.00000       21.79246 
 88 392        14.00000       30.64856 
 89 342        14.00000       12.13134 
 90 31        14.00000       17.29929 
 91 157        14.00000       20.39021 
 92 119        14.00000        0.23111 
 93 110        14.00000       14.05115 
 94 310        15.00000       16.89252 
 95 28        15.00000       23.30087 
 96 21        15.00000       19.97665 
 97 179        15.00000       15.45257 
 98 102        15.00000        4.35589 
 99 44        16.00000       12.87577 
 100 174        16.00000       21.16376 
 101 201        17.00000       17.53548 
 102 217        17.00000       23.52316 
 103 398        17.00000       17.55997 
 104 147        17.00000       11.24799 
 105 279        18.00000       24.04684 
 106 140        18.00000       14.94782 
 107 112        18.00000       18.77796 
 108 139        19.00000       20.77101 
 109 116        19.00000       17.80008 
 110 329        20.00000       20.82549 
 111 56        20.00000       16.07833 
 112 237        21.00000       28.73304 
 113 405        21.00000       31.03501 
 114 305        21.00000       29.51883 
 115 117        21.00000        3.65371 
 116 377        22.00000       30.40927 
 117 58        22.00000       16.68935 
 118 26        22.00000       28.23029 
 119 125        22.00000       24.34875 
 120 355        23.00000       30.51853 
 121 244        23.00000       22.49999 
 122 141        23.00000       14.73309 
 123 357        24.00000       22.53289 
 124 55        24.00000       22.97275 
 125 148        24.00000       28.76151 
 126 72        25.00000       22.97161 
 127 285        26.00000       24.44860 
 128 242        27.00000       37.30788 
 129 51        28.00000       30.76239 
 130 211        29.00000       38.65635 
 131 212        29.00000       29.67250 
 132 59        29.00000       27.95156 
 133 325        30.00000       34.65785 
 134 19        30.00000       30.89401 
 135 170        31.00000       36.22997 
 136 5        32.00000       33.25712 
 137 34        32.00000       32.65073 
 138 346        34.00000       37.42716 
 139 297        35.00000       37.69646 
 140 233        35.00000       38.51090 
 141 410        36.00000       39.49893 
 142 252        36.00000       40.34799 
 143 118        36.00000       38.92178 
 144 351        37.00000       33.53394 
 145 319        37.00000       36.75039 
 146 45        37.00000       38.56220 
 147 16        38.00000       40.10414 
 148 306        39.00000       41.08302 
 149 344        39.00000       45.79572 
 150 365        40.00000       29.34074 
 151 298        41.00000       47.96932 
 152 98        41.00000       44.41284 
 153 270        42.00000       45.23480 
 154 383        42.00000       28.30413 
 155 290        42.00000       43.08581 
 156 145        42.00000       43.67569 
 157 404        43.00000       44.40716 
 158 213        43.00000       51.50459 
 159 390        44.00000       48.29021 
 160 251        44.00000       38.97856 
 161 378        44.00000       45.29727 
 162 265        45.00000       46.08644 
 163 266        46.00000       47.96988 
 164 104        46.00000       45.52792 
 165 403        47.00000       47.18734 
 166 225        48.00000       47.83329 
 167 65        49.00000       51.86321 
 168 195        50.00000       51.21696 
 169 362        50.00000       52.40511 
 170 308        51.00000       51.70682 
 171 406        51.00000       40.66318 
 172 245        51.00000       50.66540 
 173 360        53.00000       54.35629 
 174 276        54.00000       53.32309 
 175 249        55.00000       49.86588 
 176 366        56.00000       55.29130 
 177 144        56.00000       60.16658 
 178 388        58.00000       55.71443 
 179 385        61.00000       60.19215 
 180 286        62.00000       65.78575 
 181 73        63.00000       65.03461 
 182 275        65.00000       68.18453 
 183 348        66.00000       68.64961 
 184 80        67.00000       73.70004 
 185 182        67.00000       69.81058 
 186 61        69.00000       74.19906 
 187 152        71.00000       74.76661 
 188 235        72.00000       75.61193 
 189 175        72.00000       72.36574 
 190 331        74.00000       73.85759 
 191 272        76.00000       73.88827 
 192 54        76.00000       74.38991 
 193 92        77.00000       75.18896 
 194 47        79.00000       77.33603 
 195 239        83.00000       81.86572 
 196 359        84.00000       87.66315 
 197 246        85.00000       83.99811 
 198 258        87.00000       89.16792 
 199 339        87.00000       89.26781 
 200 66        94.00000       95.16360 
 201 260        96.00000       98.12198 
 202 373        98.00000       98.66676 
 203 386       100.00000       99.56661 
 204 124       107.00000      106.10300 
 205 219       115.00000      116.16247 
 206 393       133.00000      134.23170 
 207 280       139.00000      143.52123 
 208 313       142.00000      145.46114 
 209 273       143.00000      145.82374 
 210 287       147.00000      148.66467 
 211 261       151.00000      153.09730 
 212 240       161.00000      161.87015 
 213 353       165.00000      164.76643 
 214 268       172.00000      174.02352 
 215 307       173.00000      172.09380 
 216 375       181.00000      179.99850 
 217 269       185.00000      184.16312 
 218 294       191.00000      191.02138 
 219 288       198.00000      195.90300 
 220 328       201.00000      198.68348 
 221 408       203.00000      201.39392 
 222 248       205.00000      205.21056 
 223 387       207.00000      208.03193 
 224 254       214.00000      215.42811 
 225 241       226.00000      226.88728 
 226 322         1.00000        0.48163 
 227 43         1.00000        7.35417 
 228 202         2.00000        1.42287 
 229 303         2.00000        1.64228 
 230 168         2.00000       12.57954 
 231 146         3.00000       16.61667 
 232 134         3.00000        6.13358 
 233 169         4.00000        9.04059 
 234 299         5.00000        0.83822 
 235 343         5.00000       35.22836 
 236 18         5.00000        3.45884 
 237 316         6.00000        0.09664 
 238 111         6.00000       13.81334 
 239 173         6.00000       73.84224 
 240 50         7.00000       17.68227 
 241 415         8.00000        3.38820 
 242 155         8.00000        6.41082 
 243 132         9.00000       13.11744 
 244 236        10.00000       25.50222 
 245 81        10.00000        5.18625 
 246 143        11.00000       19.65051 
 247 372        12.00000       17.76130 
 248 15        12.00000       25.38552 
 249 90        12.00000       20.94674 
 250 340        13.00000        0.01362 
 251 77        13.00000       12.30409 
 252 135        13.00000        4.58894 
 253 20        14.00000       12.55142 
 254 181        14.00000       24.18103 
 255 197        15.00000       24.79906 
 256 2        15.00000       13.90711 
 257 177        15.00000       13.93461 
 258 156        16.00000       39.25925 
 259 314        17.00000       16.15142 
 260 74        17.00000       26.97741 
 261 137        18.00000       44.66059 
 262 167        19.00000       12.72538 
 263 216        20.00000       25.24437 
 264 278        21.00000       37.96873 
 265 413        21.00000       85.61808 
 266 264        22.00000       69.15517 
 267 41        22.00000       31.43804 
 268 350        23.00000       46.73568 
 269 88        23.00000       37.53691 
 270 9        24.00000       17.17065 
 271 284        25.00000        1.35269 
 272 93        26.00000       79.22516 
 273 136        28.00000       41.52721 
 274 52        29.00000       40.12147 
 275 53        30.00000       10.75163 
 276 224        32.00000       10.66361 
 277 220        34.00000       35.77753 
 278 394        35.00000      116.19810 
 279 333        36.00000       18.53736 
 280 238        37.00000       33.76639 
 281 231        37.00000       26.41330 
 282 193        39.00000       67.63822 
 283 113        39.00000       44.62630 
 284 293        41.00000       37.39365 
 285 379        42.00000       43.04190 
 286 289        42.00000       99.15791 
 287 363        43.00000       30.74687 
 288 291        44.00000       52.31625 
 289 221        45.00000       45.00040 
 290 334        46.00000       65.36100 
 291 207        48.00000      123.29394 
 292 163        49.00000      113.10836 
 293 23        50.00000      199.62784 
 294 384        51.00000       45.86487 
 295 176        53.00000      102.41218 
 296 253        56.00000       38.31366 
 297 376        57.00000       30.55171 
 298 271        61.00000       45.79421 
 299 399        64.00000       39.86811 
 300 60        66.00000       47.00177 
 301 312        69.00000       29.67505 
 302 199        72.00000       14.38074 
 303 159        73.00000       51.91310 
 304 267        76.00000       34.35363 
 305 151        78.00000      167.18302 
 306 301        83.00000      217.59117 
 307 414        86.00000      235.85280 
 308 131        93.00000       97.98800 
 309 214        97.00000      108.96351 
 310 327       100.00000       63.88515 
 311 164       116.00000       62.25625 
 312 200       141.00000      149.76158 
 313 400       143.00000       70.57073 
 314 232       152.00000       47.93924 
 315 381       170.00000      153.77441 
 316 262       180.00000      164.44974 
 317 215       190.00000      252.88566 
 318 367       201.00000      116.52646 
 319 401       204.00000      106.29509 
 320 274       212.00000      191.60078 
 321 347       235.00000       97.52597 
