No 	 index 	 actual outputs 			 predictions 
 1 396         1.00000        4.67993 
 2 82         1.00000        1.20941 
 3 100         1.00000        1.46305 
 4 12         2.00000        0.29226 
 5 1         2.00000        2.64633 
 6 190         2.00000        2.39106 
 7 32         3.00000       10.94703 
 8 149         3.00000        3.58107 
 9 8         4.00000        9.53092 
 10 83         4.00000        3.96130 
 11 412         5.00000        2.47984 
 12 6         5.00000        7.74610 
 13 7         9.00000       14.70433 
 14 35         9.00000        9.36995 
 15 37        11.00000        8.94411 
 16 39        12.00000       12.45902 
 17 185        12.00000        8.56242 
 18 336        15.00000       16.30888 
 19 186        15.00000       18.54132 
 20 3        19.00000       16.32813 
 21 33        23.00000       19.59945 
 22 397        24.00000       26.30134 
 23 337        32.00000       33.77056 
 24 282        36.00000       40.57019 
 25 150        36.00000       37.12728 
 26 281        38.00000       41.22558 
 27 411        46.00000       48.22858 
 28 38        59.00000       62.06764 
 29 184        75.00000       78.47713 
 30 40        80.00000       81.84239 
 31 4        91.00000       96.36139 
 32 296       196.00000      203.14413 
 33 295       209.00000      216.46041 
 34 234       239.00000      243.17168 
 35 209         1.00000        7.06132 
 36 85         1.00000        3.65004 
 37 75         1.00000        1.09568 
 38 76         1.00000        0.64129 
 39 283         2.00000        3.86330 
 40 315         2.00000        0.31949 
 41 356         2.00000        6.50671 
 42 24         2.00000        0.02086 
 43 36         2.00000        0.67311 
 44 120         2.00000        1.64775 
 45 68         3.00000        4.76267 
 46 96         3.00000        7.26255 
 47 89         3.00000        2.26176 
 48 304         4.00000        6.08511 
 49 154         4.00000        9.98079 
 50 127         4.00000        9.03673 
 51 121         4.00000        9.84740 
 52 222         5.00000       11.90959 
 53 230         5.00000       15.49156 
 54 48         5.00000       10.97904 
 55 87         5.00000       10.89539 
 56 187         5.00000        3.99671 
 57 203         6.00000        0.02940 
 58 13         6.00000       11.74803 
 59 114         6.00000       10.70082 
 60 180         6.00000       18.92771 
 61 126         6.00000        5.93810 
 62 302         7.00000       16.05727 
 63 49         7.00000       11.91646 
 64 17         7.00000        7.65834 
 65 91         7.00000        4.11359 
 66 204         8.00000       10.18332 
 67 14         8.00000        5.69461 
 68 198         9.00000       11.53080 
 69 27         9.00000        5.80574 
 70 311        10.00000       12.26885 
 71 341        10.00000        9.28750 
 72 349        10.00000       15.91213 
 73 318        10.00000       19.50945 
 74 30        10.00000        6.91763 
 75 63        11.00000       11.82159 
 76 188        11.00000       15.71079 
 77 259        12.00000       24.06966 
 78 227        12.00000        0.25699 
 79 323        12.00000        8.24946 
 80 153        12.00000        7.89966 
 81 178        12.00000        4.60727 
 82 115        12.00000       16.50925 
 83 369        13.00000       30.29226 
 84 196        13.00000       16.95212 
 85 69        13.00000        9.13433 
 86 172        13.00000       22.57261 
 87 106        13.00000       19.76488 
 88 392        14.00000       34.13227 
 89 342        14.00000       20.57847 
 90 31        14.00000       18.09243 
 91 157        14.00000       25.01600 
 92 119        14.00000        0.11119 
 93 110        14.00000        8.96238 
 94 310        15.00000       17.50728 
 95 28        15.00000       22.77360 
 96 21        15.00000       22.51782 
 97 179        15.00000       18.83529 
 98 102        15.00000       22.08348 
 99 44        16.00000        9.99069 
 100 174        16.00000       23.08853 
 101 201        17.00000       12.78703 
 102 217        17.00000       20.74546 
 103 398        17.00000       23.78227 
 104 147        17.00000        8.57363 
 105 279        18.00000       28.54044 
 106 140        18.00000       10.30239 
 107 112        18.00000       31.00609 
 108 139        19.00000       23.73183 
 109 116        19.00000       22.31544 
 110 329        20.00000       29.48921 
 111 56        20.00000       24.54869 
 112 237        21.00000       35.02704 
 113 405        21.00000       34.99428 
 114 305        21.00000       22.91556 
 115 117        21.00000       16.31851 
 116 377        22.00000       29.98053 
 117 58        22.00000       20.16911 
 118 26        22.00000       30.61559 
 119 125        22.00000       33.73928 
 120 355        23.00000       40.60483 
 121 244        23.00000       22.71572 
 122 141        23.00000       26.26204 
 123 357        24.00000       20.92111 
 124 55        24.00000       28.70691 
 125 148        24.00000       24.93016 
 126 72        25.00000       30.21725 
 127 285        26.00000       27.60229 
 128 242        27.00000       51.06323 
 129 51        28.00000       34.27549 
 130 211        29.00000       39.60269 
 131 212        29.00000       34.35750 
 132 59        29.00000       31.86502 
 133 325        30.00000       28.83418 
 134 19        30.00000       28.43213 
 135 170        31.00000       41.20591 
 136 5        32.00000       37.66916 
 137 34        32.00000       38.42602 
 138 346        34.00000       43.77196 
 139 297        35.00000       43.45180 
 140 233        35.00000       44.79146 
 141 410        36.00000       45.71807 
 142 252        36.00000       44.36589 
 143 118        36.00000       50.68299 
 144 351        37.00000       25.77842 
 145 319        37.00000       41.10929 
 146 45        37.00000       43.56728 
 147 16        38.00000       47.60095 
 148 306        39.00000       49.30245 
 149 344        39.00000       48.69921 
 150 365        40.00000       28.09864 
 151 298        41.00000       56.93549 
 152 98        41.00000       57.38214 
 153 270        42.00000       45.21821 
 154 383        42.00000       31.00703 
 155 290        42.00000       49.75519 
 156 145        42.00000       41.89010 
 157 404        43.00000       46.20804 
 158 213        43.00000       50.69744 
 159 390        44.00000       49.02235 
 160 251        44.00000       39.34521 
 161 378        44.00000       47.00778 
 162 265        45.00000       48.44429 
 163 266        46.00000       53.73434 
 164 104        46.00000       46.42398 
 165 403        47.00000       49.98158 
 166 225        48.00000       52.17233 
 167 65        49.00000       54.03581 
 168 195        50.00000       55.01633 
 169 362        50.00000       52.57378 
 170 308        51.00000       53.52107 
 171 406        51.00000       49.93139 
 172 245        51.00000       58.29776 
 173 360        53.00000       59.89757 
 174 276        54.00000       58.82094 
 175 249        55.00000       59.46612 
 176 366        56.00000       59.21334 
 177 144        56.00000       69.90449 
 178 388        58.00000       67.31760 
 179 385        61.00000       65.64648 
 180 286        62.00000       74.37774 
 181 73        63.00000       70.36702 
 182 275        65.00000       75.90724 
 183 348        66.00000       81.86367 
 184 80        67.00000       77.60017 
 185 182        67.00000       78.02915 
 186 61        69.00000       77.72280 
 187 152        71.00000       86.98994 
 188 235        72.00000       91.91062 
 189 175        72.00000       79.38521 
 190 331        74.00000       80.65403 
 191 272        76.00000       78.78674 
 192 54        76.00000       82.16462 
 193 92        77.00000       82.51264 
 194 47        79.00000       86.34232 
 195 239        83.00000       86.64658 
 196 359        84.00000       92.37327 
 197 246        85.00000       90.74015 
 198 258        87.00000       90.71438 
 199 339        87.00000       98.47586 
 200 66        94.00000       95.71133 
 201 260        96.00000      100.54356 
 202 373        98.00000      103.66753 
 203 386       100.00000      106.70481 
 204 124       107.00000      110.95894 
 205 219       115.00000      119.73868 
 206 393       133.00000      139.75156 
 207 280       139.00000      145.28476 
 208 313       142.00000      150.32258 
 209 273       143.00000      156.61073 
 210 287       147.00000      167.07947 
 211 261       151.00000      167.12503 
 212 240       161.00000      174.07175 
 213 353       165.00000      177.70302 
 214 268       172.00000      186.43243 
 215 307       173.00000      185.81961 
 216 375       181.00000      195.90107 
 217 269       185.00000      190.70357 
 218 294       191.00000      203.65614 
 219 288       198.00000      209.38566 
 220 328       201.00000      213.23794 
 221 408       203.00000      213.48120 
 222 248       205.00000      218.82306 
 223 387       207.00000      218.41495 
 224 254       214.00000      219.85739 
 225 241       226.00000      227.04481 
 226 322         1.00000        6.77353 
 227 43         1.00000        5.77407 
 228 202         2.00000        0.11911 
 229 303         2.00000        0.48790 
 230 168         2.00000       13.19850 
 231 146         3.00000       16.40440 
 232 134         3.00000       22.00309 
 233 169         4.00000       17.09241 
 234 299         5.00000        0.54409 
 235 343         5.00000       39.20217 
 236 18         5.00000        1.24144 
 237 316         6.00000        0.06262 
 238 111         6.00000        7.78690 
 239 173         6.00000       77.47152 
 240 50         7.00000       32.47030 
 241 415         8.00000       23.18089 
 242 155         8.00000       13.50416 
 243 132         9.00000        9.65724 
 244 236        10.00000       20.27169 
 245 81        10.00000       22.78884 
 246 143        11.00000       29.59413 
 247 372        12.00000       10.10639 
 248 15        12.00000        8.68743 
 249 90        12.00000       11.59218 
 250 340        13.00000        0.43407 
 251 77        13.00000       12.43920 
 252 135        13.00000        4.15236 
 253 20        14.00000       11.23257 
 254 181        14.00000       18.66568 
 255 197        15.00000       49.57296 
 256 2        15.00000        5.16405 
 257 177        15.00000       20.57481 
 258 156        16.00000       13.03418 
 259 314        17.00000       22.04852 
 260 74        17.00000       23.55327 
 261 137        18.00000       37.30596 
 262 167        19.00000       15.44542 
 263 216        20.00000       55.42248 
 264 278        21.00000       50.42567 
 265 413        21.00000       64.67797 
 266 264        22.00000       46.39258 
 267 41        22.00000       44.83817 
 268 350        23.00000       48.79936 
 269 88        23.00000       48.57177 
 270 9        24.00000       46.28236 
 271 284        25.00000        2.43568 
 272 93        26.00000       13.84981 
 273 136        28.00000       36.67469 
 274 52        29.00000       26.29990 
 275 53        30.00000        6.07885 
 276 224        32.00000       18.69311 
 277 220        34.00000      194.82846 
 278 394        35.00000       42.54389 
 279 333        36.00000      126.06693 
 280 238        37.00000       24.16888 
 281 231        37.00000       28.00888 
 282 193        39.00000       78.18454 
 283 113        39.00000       76.76860 
 284 293        41.00000       42.77627 
 285 379        42.00000       51.29827 
 286 289        42.00000       80.11094 
 287 363        43.00000       38.90294 
 288 291        44.00000       54.53312 
 289 221        45.00000       51.25662 
 290 334        46.00000      110.21242 
 291 207        48.00000      168.75079 
 292 163        49.00000       44.63492 
 293 23        50.00000       72.81175 
 294 384        51.00000       89.07403 
 295 176        53.00000       64.87994 
 296 253        56.00000       32.88370 
 297 376        57.00000       50.60645 
 298 271        61.00000       70.79488 
 299 399        64.00000       55.32904 
 300 60        66.00000       35.02175 
 301 312        69.00000       42.93246 
 302 199        72.00000       26.74423 
 303 159        73.00000       64.24812 
 304 267        76.00000       54.36727 
 305 151        78.00000      104.73043 
 306 301        83.00000      230.60905 
 307 414        86.00000      202.07978 
 308 131        93.00000       45.28018 
 309 214        97.00000       97.96845 
 310 327       100.00000       80.57340 
 311 164       116.00000      104.16398 
 312 200       141.00000      199.38157 
 313 400       143.00000       93.03461 
 314 232       152.00000       43.09807 
 315 381       170.00000      175.25096 
 316 262       180.00000      190.86843 
 317 215       190.00000      222.61126 
 318 367       201.00000      152.23137 
 319 401       204.00000      166.41288 
 320 274       212.00000      225.16051 
 321 347       235.00000      282.69752 
